#DMe S logL Z DMi DMh DMs dnu thres
8.334731942831305105e+02 2.348449771624342652e+00 4.395711010977775146e+01 7.910270404713528603e-01 7.048139161573292313e+02 1.902819726885103364e+02 4.015027344232422735e+01 1.000000000000000000e+03 1.000000000000000000e+00
1.575081795504119100e+03 2.644396104204672415e+00 4.447123271329833472e+01 1.218705760792420545e+00 1.090893479847345816e+03 1.055933528591248887e+03 1.833787666481287459e+01 1.000000000000000000e+03 1.000000000000000000e+00
1.004407328147564044e+03 1.252652245534771058e+00 4.420042041929931287e+01 1.063068997145071526e+00 9.520605145723264968e+02 8.432263782312402611e+01 2.367245036328130681e+01 1.000000000000000000e+03 1.000000000000000000e+00
1.121765432280991263e+03 1.084761287810154240e+00 4.412810839457156931e+01 1.215230718842963409e+00 1.087827731699829656e+03 6.402596551974008321e+01 1.115387133454363067e+01 1.000000000000000000e+03 1.000000000000000000e+00
1.084254891533243608e+03 3.752358350806856535e+00 4.451680617015983898e+01 1.130099172210177638e+00 1.012145430537094626e+03 1.319837577117197611e+02 2.161654546469915417e+01 1.000000000000000000e+03 1.000000000000000000e+00
1.027661216243260242e+03 1.839867614069653490e+00 4.411469776791531672e+01 1.066712623078148070e+00 9.553296882275645885e+02 1.333606070551819300e+02 1.612787494138722622e+01 1.000000000000000000e+03 1.000000000000000000e+00
1.317974655685924063e+03 1.125921203900779544e+00 4.428085302224062758e+01 1.289465213120263964e+00 1.153307889436964615e+03 3.658292627798105059e+02 1.116957030418828012e+01 1.000000000000000000e+03 1.000000000000000000e+00
2.560837855585941725e+03 1.944046191578744143e+00 4.463388869036757001e+01 1.623364513483011251e+00 1.440443470813836939e+03 2.928948169576293822e+03 1.025470054047727331e+01 1.000000000000000000e+03 1.000000000000000000e+00
1.670420241368543884e+03 1.959875544877159426e+00 4.474059140165502413e+01 1.842921624205552167e+00 1.622895131997359840e+03 9.704994356661200072e+01 3.806021755746085944e+01 1.000000000000000000e+03 1.000000000000000000e+00
1.236660075361786312e+03 2.397125574348399013e+00 4.451039662592359036e+01 1.329507961251159109e+00 1.188274471662894939e+03 7.934915396689237355e+01 3.336549505961857420e+01 1.000000000000000000e+03 1.000000000000000000e+00
1.152505120483737301e+03 1.041036609908415844e+00 4.401380540801296348e+01 1.262804076086893712e+00 1.129797852913615088e+03 1.350859016555125613e+01 3.787350744891693211e+01 1.000000000000000000e+03 1.000000000000000000e+00
1.105225862578983879e+03 1.757413323212239087e+00 4.421137315556604364e+01 1.196365600778898752e+00 1.071137349613956076e+03 5.571596059686009283e+01 1.915487666123245702e+01 1.000000000000000000e+03 1.000000000000000000e+00
6.842035498643582514e+02 3.465972762560386222e+00 4.407930069567070319e+01 7.288943751522823922e-01 6.477762461893038335e+02 5.712044596544011199e+01 5.858514460325597639e+00 1.000000000000000000e+03 1.000000000000000000e+00
1.807092017260179546e+03 1.333890278730219814e+00 4.467030577459061647e+01 1.989895713054817161e+00 1.742091618449015186e+03 1.703467780175737687e+02 2.399763573478000822e+01 1.000000000000000000e+03 1.000000000000000000e+00
5.285764978482425249e+02 1.485309261239997269e+01 4.436866770472369836e+01 5.794846397591149056e-01 5.103956643113384644e+02 1.785983304791186299e+01 1.085651426164547750e+01 1.000000000000000000e+03 1.000000000000000000e+00
1.031412675488443256e+03 3.422398409302423783e+00 4.454689905110515724e+01 1.039796492500399294e+00 9.311356383780361057e+02 2.022942153988870189e+02 2.250533177253899453e+00 1.000000000000000000e+03 1.000000000000000000e+00
7.820632104863764198e+02 1.730492261188801839e+00 4.411481083628675037e+01 8.619931252802371935e-01 7.697541191507353915e+02 1.935636010811597529e+01 3.563083337294087549e+00 1.000000000000000000e+03 1.000000000000000000e+00
1.586242925620328151e+03 5.667482170321687995e+00 4.450272202718664971e+01 9.416728515983694425e-01 8.423276511554317949e+02 1.438923248596483745e+03 5.516843721355380481e+00 1.000000000000000000e+03 1.000000000000000000e+00
2.132446595021124267e+03 1.491887664748543729e+00 4.492029094439659787e+01 2.457311379649764316e+00 2.106818848964476729e+03 5.829340683155991343e+01 3.030969124486184185e+01 1.000000000000000000e+03 1.000000000000000000e+00
1.238699084009687795e+03 1.396720656603491539e+00 4.437690794434972474e+01 1.346852321287841825e+00 1.203420110253840676e+03 4.483426957241344724e+01 3.796027187914938139e+01 1.000000000000000000e+03 1.000000000000000000e+00
1.207349864793801089e+03 3.463430761895275101e+00 4.444155798266842083e+01 1.125995500421320461e+00 1.008492246272980879e+03 4.226053985202908621e+02 1.650036794725251443e-01 1.000000000000000000e+03 1.000000000000000000e+00
1.753466140172524774e+03 2.108493844807036055e+00 4.465493807678858929e+01 1.697189518909163031e+00 1.502506670373181578e+03 6.710324155982511911e+02 5.852836015538104064e+00 1.000000000000000000e+03 1.000000000000000000e+00
1.167657953669267727e+03 1.899193143618083557e+00 4.424305365088288511e+01 1.196707848697561305e+00 1.071442026687370799e+03 1.673068013070281097e+02 4.405148066381621419e+01 1.000000000000000000e+03 1.000000000000000000e+00
1.135625992818326949e+03 2.259726393815549184e+00 4.461062074858443793e+01 1.240616957605774839e+00 1.110223954707051234e+03 4.895873721901306652e+01 7.957500130859224363e+00 1.000000000000000000e+03 1.000000000000000000e+00
6.061017403973309001e+02 8.550423072101294153e+00 4.432479921480636165e+01 6.425449210596861915e-01 5.683776377599241414e+02 5.350573973514591586e+01 8.457793453460821453e+00 1.000000000000000000e+03 1.000000000000000000e+00
1.279446413127177266e+03 1.914466358049591976e+00 4.449431953348117474e+01 1.360867598847888660e+00 1.215658689724476517e+03 1.161570289962225360e+02 3.443734038948467457e+01 1.000000000000000000e+03 1.000000000000000000e+00
1.247975992297027233e+03 1.271117120652836441e+00 4.438340037783125069e+01 1.371463376093666309e+00 1.224911254386147903e+03 3.279060094080220011e+01 2.190658029404723806e+01 1.000000000000000000e+03 1.000000000000000000e+00
1.686671362696535880e+03 1.322092993352447232e+00 4.452284799338157484e+01 1.760162168347632949e+00 1.554669067225928302e+03 3.181972842916190984e+02 4.615045780139826803e+01 1.000000000000000000e+03 1.000000000000000000e+00
7.223613461921082717e+02 5.617113150900594043e+00 4.403782541467555234e+01 6.404161209746086492e-01 5.664197269207929821e+02 2.402786314340305864e+02 1.553051474951975841e+01 1.000000000000000000e+03 1.000000000000000000e+00
6.696267173696405735e+02 2.062485048975108981e+01 4.458910951737387052e+01 5.811358756472162490e-01 5.119131917522593653e+02 2.251120080474395593e+02 2.425450538100812992e+01 1.000000000000000000e+03 1.000000000000000000e+00
1.313891443773975197e+03 1.878268164974413068e+00 4.465559300871898074e+01 1.432787606170910610e+00 1.277940311852255491e+03 8.034411792119969675e+01 7.117350245775333484e+00 1.000000000000000000e+03 1.000000000000000000e+00
1.692998426413895913e+03 1.433843760613991103e+00 4.473550257068096414e+01 1.714154577185972306e+00 1.516569077624580814e+03 4.405996668836960453e+02 3.825685768276396459e+01 1.000000000000000000e+03 1.000000000000000000e+00
1.019078918354899315e+03 2.087820302956704399e+00 4.431328189450486832e+01 1.112799805832845657e+00 9.966805311716923370e+02 1.181539920624770978e+01 3.550790888540089441e+01 1.000000000000000000e+03 1.000000000000000000e+00
1.666484969377101379e+03 1.297299370575858202e+00 4.447824208855730177e+01 1.737395807959040361e+00 1.535815698202149406e+03 3.120158778280295451e+02 4.567763731534726190e+01 1.000000000000000000e+03 1.000000000000000000e+00
4.727300232213715390e+02 1.946246743450587857e+01 4.429532275665685859e+01 4.207748125978103548e-01 3.651656007045700107e+02 1.255365812935217775e+02 2.728824094997860783e+01 1.000000000000000000e+03 1.000000000000000000e+00
1.281871758181834593e+03 1.238193066069925408e+00 4.430314754825517554e+01 1.331131024460592505e+00 1.189691781308701820e+03 1.873205652031150237e+02 2.756303871990468224e+01 1.000000000000000000e+03 1.000000000000000000e+00
1.070282051608847723e+03 3.199371020395473941e+00 4.426220061519445892e+01 8.531561633075689377e-01 7.616919130518660950e+02 5.239517163552806096e+02 4.791400084752672939e+01 1.000000000000000000e+03 1.000000000000000000e+00
9.068496937515287755e+02 2.962030043430412540e+00 4.424616230271789874e+01 9.659571638952395567e-01 8.643842529342006173e+02 5.044849303572723898e+01 3.303674455706836000e+01 1.000000000000000000e+03 1.000000000000000000e+00
7.523088530409479517e+02 5.198822763985363693e+00 4.435901950097385793e+01 8.341927210971552542e-01 7.443379167620051930e+02 1.375095618747351445e+01 8.692771156926348830e-01 1.000000000000000000e+03 1.000000000000000000e+00
1.149103215361187495e+03 1.057270838188846707e+00 4.428310998837142876e+01 1.264054995228533596e+00 1.130901437588837325e+03 1.593356270933747432e+01 2.527626317819151680e+01 1.000000000000000000e+03 1.000000000000000000e+00
1.023827043851080930e+03 2.639954692841046668e+00 4.441558139528750360e+01 1.057025933317768063e+00 9.466384911747542219e+02 1.165807428284330314e+02 4.219811178203566726e+01 1.000000000000000000e+03 1.000000000000000000e+00
1.333773339305815398e+03 1.798501387453998568e+00 4.462118396641334073e+01 1.439291373856159684e+00 1.283554921828179204e+03 7.484504603732727901e+01 4.765230652457794491e+01 1.000000000000000000e+03 1.000000000000000000e+00
7.620953549721569971e+02 2.310930143020123229e+00 4.406874955553810480e+01 7.852476077970353963e-01 6.995100486783064753e+02 6.677513281422072566e+01 4.495513553012066410e+01 1.000000000000000000e+03 1.000000000000000000e+00
6.836744969611694387e+02 2.016956952553080828e+00 4.396023057631938258e+01 7.238681896800430726e-01 6.431565032604311227e+02 2.954805069668333317e+01 4.029962975367572398e+01 1.000000000000000000e+03 1.000000000000000000e+00
1.392123800855976469e+03 1.708136367281446466e+00 4.449334808911475392e+01 1.491326012006544133e+00 1.328342922709662616e+03 1.287693085566436366e+02 3.012965223788796010e+01 1.000000000000000000e+03 1.000000000000000000e+00
9.581870718953038022e+02 2.079105670425637875e+00 4.431138645325949454e+01 1.026889868507740555e+00 9.194778463380529274e+02 5.281913594384875665e+01 2.564020115592399662e+01 1.000000000000000000e+03 1.000000000000000000e+00
1.167739681289936698e+03 2.544784388357286709e+00 4.441113272355597275e+01 1.237841921599789119e+00 1.107775765125923954e+03 9.394594368359574332e+01 4.024382169152719513e+01 1.000000000000000000e+03 1.000000000000000000e+00
1.558767642700109491e+03 1.347934799927371419e+00 4.467850501713090949e+01 1.681633306436124187e+00 1.489428874936138982e+03 1.791417611790597562e+02 6.799387884043056829e+00 1.000000000000000000e+03 1.000000000000000000e+00
1.326404246484778014e+03 3.621264629591282258e+00 4.448770470892232964e+01 1.082889846617157037e+00 9.698443925303661217e+02 7.275835870068350459e+02 1.509131250610570874e+01 1.000000000000000000e+03 1.000000000000000000e+00
9.604556645595629334e+02 4.792853871168968105e+00 4.431611157738318241e+01 9.014536283408147721e-01 8.057550332005423570e+02 2.776990183378399593e+02 1.645705846638455583e+01 1.000000000000000000e+03 1.000000000000000000e+00
8.248557450365117347e+02 1.034412142864063133e+00 4.391100222355346716e+01 8.839828986486671925e-01 7.898160007693323905e+02 6.387729441531317320e+01 2.136984557075422231e+00 1.000000000000000000e+03 1.000000000000000000e+00
9.042680690459884545e+02 2.426706092523753799e+00 4.429934755705494354e+01 8.914162799333941178e-01 7.965976811832915701e+02 1.921372831838949651e+02 1.151224128635283606e+01 1.000000000000000000e+03 1.000000000000000000e+00
2.691624311361324089e+03 1.240420446804042953e+01 4.464375714580412335e+01 8.079802748332103324e-01 7.203414016368791408e+02 3.534345665721315527e+03 2.969495117629663028e+01 1.000000000000000000e+03 1.000000000000000000e+00
8.500257514235925100e+02 7.813682220662285793e+00 4.444176379030525226e+01 6.464492006380950784e-01 5.719685484607573471e+02 4.462317737960087243e+02 1.157528575381571656e+01 1.000000000000000000e+03 1.000000000000000000e+00
1.225483894997020116e+03 2.079688828524022259e+00 4.464756003286141350e+01 1.338228539396812966e+00 1.195889553719473042e+03 4.083424888312944034e+01 2.836408449668014597e+01 1.000000000000000000e+03 1.000000000000000000e+00
8.466422626731759919e+02 1.184418814707692169e+00 4.388980492601253758e+01 9.158553648778263723e-01 8.188785200224465370e+02 3.161195123878031410e+01 2.157936406770699733e+01 1.000000000000000000e+03 1.000000000000000000e+00
1.914678540267365634e+03 1.312930559839738276e+00 4.467284514420846619e+01 2.130200168006031181e+00 1.853853867904485014e+03 1.511936523130604542e+02 3.919974733614015605e+01 1.000000000000000000e+03 1.000000000000000000e+00
1.202652503763104505e+03 1.161828563580902696e+00 4.410608640686760396e+01 1.248075893703542327e+00 1.116804370096783487e+03 1.653867552172651756e+02 2.760636459743059490e+01 1.000000000000000000e+03 1.000000000000000000e+00
1.201247758980732669e+03 2.583152841599996474e+00 4.470478281278727195e+01 1.298641319268918570e+00 1.161320752817668108e+03 5.304350511440393490e+01 3.873436100672088145e+01 1.000000000000000000e+03 1.000000000000000000e+00
2.145736939846618498e+03 1.102353293199649142e+00 4.484962281828538977e+01 2.478179939724804548e+00 2.122585295024987772e+03 3.973998903904809055e+01 4.078559755118095609e+01 1.000000000000000000e+03 1.000000000000000000e+00
7.624140014777232182e+02 5.614418120168086723e+00 4.423852365025845046e+01 7.714782010986612759e-01 6.868736685163777338e+02 1.026599332451051083e+02 3.115811989965316897e+01 1.000000000000000000e+03 1.000000000000000000e+00
8.090067207214208338e+02 1.499161071449598426e+00 4.383961168683205045e+01 8.667248059752390432e-01 7.740709630021781322e+02 4.846473380043888568e+01 1.675071174961233567e+01 1.000000000000000000e+03 1.000000000000000000e+00
1.080877952235799057e+03 2.345583138503264831e+00 4.418371968426602336e+01 1.021738863373508277e+00 9.148252472783824487e+02 2.871000794300003918e+02 4.861512755070363312e+01 1.000000000000000000e+03 1.000000000000000000e+00
1.027375583455743481e+03 2.622423475417857475e+00 4.413447429139543488e+01 9.095688399721447714e-01 8.131587663964169224e+02 3.981662649425999234e+02 1.089549391190330319e+01 1.000000000000000000e+03 1.000000000000000000e+00
1.491540547541846990e+03 1.701524174112556631e+00 4.421532494298018889e+01 1.145983030680724823e+00 1.026285611527097899e+03 9.611621946413985142e+02 3.726700298669930334e+01 1.000000000000000000e+03 1.000000000000000000e+00
2.064645955917547326e+03 1.308095375988916231e+00 4.476806153324253046e+01 2.314728722399897354e+00 1.997785195683323991e+03 1.980765752820784655e+02 2.354870706779518130e+01 1.000000000000000000e+03 1.000000000000000000e+00
1.353292029936101471e+03 1.167440261265016543e+00 4.442985530084986578e+01 1.430541830951756577e+00 1.276001566103734604e+03 1.773490962426962483e+02 1.050860923553512194e+01 1.000000000000000000e+03 1.000000000000000000e+00
8.029514629126863383e+02 1.650806622611975971e+00 4.407902091900216845e+01 8.465579237759124354e-01 7.556577977879201171e+02 5.114728495767835170e+01 3.618320712286329410e+01 1.000000000000000000e+03 1.000000000000000000e+00
1.646778543412769409e+02 6.824652914947935187e+02 4.465983713239005937e+01 1.386138011001574188e-01 1.150639754745545247e+02 5.452156531594011568e+01 1.969481887821455945e+00 1.000000000000000000e+03 1.000000000000000000e+00
1.646309607419847680e+03 2.002257077516852668e+00 4.468023951527722204e+01 1.386000345519936783e+00 1.237549536364856067e+03 9.702112563571190549e+02 5.090414414844862456e+00 1.000000000000000000e+03 1.000000000000000000e+00
7.542243581253569573e+02 3.039608979988660309e+00 4.408316760856424565e+01 8.094427455708650410e-01 7.216802389519016288e+02 4.262193764941022778e+01 1.626478269999222093e+01 1.000000000000000000e+03 1.000000000000000000e+00
7.685291257607665329e+02 2.517233934054394773e+00 4.396607012156921712e+01 7.669202519668556484e-01 6.826907738390764280e+02 1.322133618067167617e+02 1.945616059917559681e+01 1.000000000000000000e+03 1.000000000000000000e+00
7.487079208695818124e+02 7.773021055793537748e+00 4.461027564341041796e+01 8.208770479588352043e-01 7.321479155447419771e+02 1.433445316932103175e+01 1.581928044075585049e+01 1.000000000000000000e+03 1.000000000000000000e+00
7.213204383127904293e+02 3.963665019029024794e+00 4.404227967903526775e+01 6.966166279322779653e-01 6.181086393524391269e+02 1.488132875430836464e+02 2.629756677185178759e+01 1.000000000000000000e+03 1.000000000000000000e+00
1.802024643525535112e+03 2.887248732941189111e+00 4.460646453518953791e+01 1.340858625739947740e+00 1.198186227516133840e+03 1.407858054436740986e+03 5.642310232012881954e+00 1.000000000000000000e+03 1.000000000000000000e+00
1.702601724711585121e+03 1.449145353892537846e+00 4.461380021854334643e+01 1.756716292381253153e+00 1.551815454698697977e+03 3.815136609301576982e+02 3.416130628176692596e+01 1.000000000000000000e+03 1.000000000000000000e+00
1.295477801752092091e+03 1.191277495420527188e+00 4.419849315429901537e+01 1.408346861009401652e+00 1.256840964790082353e+03 7.749455499240509937e+01 1.555635002438326353e+01 1.000000000000000000e+03 1.000000000000000000e+00
1.073479813087258208e+03 4.772118417879553931e+00 4.444612522038998748e+01 9.624141714156259075e-01 8.611662752837452217e+02 3.882248149260199739e+02 2.842228044298119016e+01 1.000000000000000000e+03 1.000000000000000000e+00
5.415244774540443586e+02 1.159715291379793811e+01 4.431793823318945158e+01 5.560225655500419251e-01 4.888414656184833689e+02 6.873934790917346049e+01 1.323660732809937102e+01 1.000000000000000000e+03 1.000000000000000000e+00
1.511930666554327445e+03 1.131680146421134125e+00 4.439834312669389504e+01 1.415630822075396367e+00 1.263129104595280069e+03 5.845253390016953290e+02 1.648738264708099877e+01 1.000000000000000000e+03 1.000000000000000000e+00
7.411430972469233893e+02 3.925316162455749325e+00 4.429625844680352031e+01 7.347493025391819144e-01 6.531577148088138074e+02 1.042564669048476844e+02 4.837611391330602117e+01 1.000000000000000000e+03 1.000000000000000000e+00
1.083007844908024936e+03 1.547716735311045921e+00 4.419517037685898231e+01 1.153920902531756942e+00 1.033352090044088754e+03 9.311350899139583248e+01 1.384105934102938740e+01 1.000000000000000000e+03 1.000000000000000000e+00
1.142774157603269259e+03 3.161323842866474276e+00 4.456947620202387839e+01 1.161889217152404008e+00 1.040445669424071411e+03 1.750951308401550932e+02 4.612772436196006254e+01 1.000000000000000000e+03 1.000000000000000000e+00
7.463506101857958583e+02 2.323238812053364022e+00 4.413295869961068973e+01 8.029375834972178883e-01 7.157250061392210227e+02 2.686927622672367377e+01 2.834677632615055742e+01 1.000000000000000000e+03 1.000000000000000000e+00
1.270901900955887641e+03 1.605445224773294433e+00 4.452739131091246350e+01 1.378120279130737424e+00 1.230724270682004999e+03 4.617394038215535801e+01 4.937329693958204047e+01 1.000000000000000000e+03 1.000000000000000000e+00
1.197414703273670284e+03 2.421461707632690086e+00 4.461247811570693500e+01 1.271012829367563768e+00 1.137039771293208332e+03 9.340130178822343510e+01 4.371094331159979873e+01 1.000000000000000000e+03 1.000000000000000000e+00
1.224433336285667110e+03 1.023608746591002649e+00 4.394246828545828265e+01 1.180001502322907347e+00 1.056569647796729896e+03 3.597325796843350076e+02 6.210513407012796527e+00 1.000000000000000000e+03 1.000000000000000000e+00
8.674290091047890883e+02 2.834695855357721950e+00 4.416498813797839773e+01 9.449821282172997661e-01 8.453333527650650012e+02 9.386804686169146095e+00 3.358885200582542296e+01 1.000000000000000000e+03 1.000000000000000000e+00
1.713976968634204695e+03 1.328959194307697711e+00 4.462238010734520088e+01 1.921117916826705407e+00 1.686610709436522939e+03 6.494031593070552333e+01 1.499975412816660381e+01 1.000000000000000000e+03 1.000000000000000000e+00
9.646987137698743027e+02 1.359578246068169127e+00 4.404466368462141901e+01 1.041366450968171264e+00 9.325536892439408803e+02 2.726504524547812025e+01 3.835472938731152226e+01 1.000000000000000000e+03 1.000000000000000000e+00
1.528853840334918686e+03 2.437786120034347803e+00 4.463231378641415859e+01 1.558813034940253361e+00 1.385870171210063518e+03 3.626769292261080295e+02 3.191547114155595999e+00 1.000000000000000000e+03 1.000000000000000000e+00
1.043668816241185823e+03 1.196354718434170072e+00 4.396992049635973387e+01 1.076712309392960254e+00 9.643017154503003212e+02 1.519778993939860072e+02 1.284473577927748345e+01 1.000000000000000000e+03 1.000000000000000000e+00
6.125434218670595783e+02 1.216012833436798246e+01 4.441500982134553510e+01 6.461619251024139921e-01 5.717043170201475277e+02 2.350602332441926023e+01 4.372175612983274817e+01 1.000000000000000000e+03 1.000000000000000000e+00
8.058584946892796097e+02 2.247889545529950794e+00 4.398275799166152922e+01 7.499082484016603711e-01 6.670786164618614293e+02 2.356261671779247422e+02 7.225886444412271459e+00 1.000000000000000000e+03 1.000000000000000000e+00
1.198268699456554714e+03 3.276226938273580025e+00 4.451588480759526334e+01 1.126753300818270187e+00 1.009166857847179472e+03 3.941138295731498147e+02 8.059136260402615548e+00 1.000000000000000000e+03 1.000000000000000000e+00
1.947994770707239240e+03 1.158890077792200879e+00 4.469057681902445722e+01 2.011835192133694328e+00 1.759661312780267963e+03 5.449981174324082076e+02 2.223121900827428732e+01 1.000000000000000000e+03 1.000000000000000000e+00
1.205282463274802467e+03 2.870553972627313488e+00 4.431036206800927602e+01 1.008242591025727108e+00 9.026348606648958821e+02 5.772032636285590570e+02 3.058654200448437521e+01 1.000000000000000000e+03 1.000000000000000000e+00
1.179025690996262938e+03 1.985566456467506846e+00 4.389943285339544587e+01 8.330104031525219499e-01 7.432555488610690873e+02 7.701399637111301217e+02 2.863124020593323849e+01 1.000000000000000000e+03 1.000000000000000000e+00
1.706077601943521131e+03 4.614581192115090325e+00 4.463075229675271771e+01 1.145995283069599857e+00 1.026296518889221034e+03 1.433653688350465927e+03 2.515330940400575699e+01 1.000000000000000000e+03 1.000000000000000000e+00
4.292028055691243935e+02 3.257595895246533502e+01 4.436836632050756180e+01 4.164634604924407624e-01 3.612496680005014014e+02 8.189812324707047253e+01 1.435501314470015721e+01 1.000000000000000000e+03 1.000000000000000000e+00
