#DMe S logL Z DMi DMh DMs dnu thres
3.385355026152707524e+03 2.399250481264466384e+00 4.324531375934510180e+01 4.302769033012476818e-01 3.738069022804184556e+02 4.304582613555058742e+03 2.765111199680814202e+00 1.000000000000000000e+03 1.000000000000000000e+00
2.642428071110455789e+02 8.166681782854674054e+00 4.287167653579907522e+01 1.604198938122262108e-01 1.337573252525611451e+02 1.382931147924978461e+02 1.312483420976181492e+01 1.000000000000000000e+03 1.000000000000000000e+00
2.526401961072264726e+02 1.274074214884416190e+00 4.246539636007192797e+01 2.565544001625830184e-01 2.176780242071011457e+02 3.026712532210522255e+01 1.366474561823786615e+01 1.000000000000000000e+03 1.000000000000000000e+00
1.879311149967141716e+02 2.113693100826073845e+01 4.327433867637081022e+01 1.718051360309702513e-01 1.435724008273563470e+02 1.100330574983103382e+01 4.097646334155224679e+01 1.000000000000000000e+03 1.000000000000000000e+00
3.958860130142612093e+02 2.051632659899068845e+00 4.329162484870946059e+01 3.720242247098767274e-01 3.209683027595843328e+02 6.575514885516882657e+01 3.703376447404340155e+01 1.000000000000000000e+03 1.000000000000000000e+00
3.010964950395334654e+02 4.152455641486982429e+00 4.297860957145213945e+01 2.578712185050312522e-01 2.188415930048053895e+02 6.950709714100469228e+01 3.395897670943065805e+01 1.000000000000000000e+03 1.000000000000000000e+00
1.969420979022967231e+02 2.460325160171802583e+00 4.265954182364529856e+01 2.221098730876346350e-01 1.873533554129199672e+02 1.065236790028094305e+01 1.066128966481311169e+00 1.000000000000000000e+03 1.000000000000000000e+00
1.358599246068191349e+02 2.561825812875671460e+00 4.214694187087627597e+01 1.165521112425196293e-01 9.629728203718491386e+01 2.890705479896086771e+01 1.526669728849741148e+01 1.000000000000000000e+03 1.000000000000000000e+00
1.015055993105611833e+03 1.047016444511162270e+00 4.284562488592011675e+01 3.954369278049599812e-01 3.421600057194203259e+02 9.029157066097243387e+02 3.606820276074794407e+01 1.000000000000000000e+03 1.000000000000000000e+00
5.127731932925987621e+02 1.437440947247077938e+00 4.301429043843860001e+01 4.174908724679951000e-01 3.621828499947565092e+02 1.721735022223102476e+02 4.128693488420304902e+01 1.000000000000000000e+03 1.000000000000000000e+00
4.018147061429590963e+02 1.948131402829501591e+00 4.318413499634266373e+01 4.211378261594989070e-01 3.654953201622932397e+02 2.498400805467718655e+01 2.663084518533404577e+01 1.000000000000000000e+03 1.000000000000000000e+00
3.186819483552376937e+02 2.554746894706139138e+00 4.317268025413869026e+01 3.342864392956274022e-01 2.869786018463867663e+02 9.846866962306664917e+00 3.245447836474351533e+01 1.000000000000000000e+03 1.000000000000000000e+00
2.800894205552310723e+02 3.524216768681553091e+00 4.285761977918541277e+01 2.255044222181817881e-01 1.903280410123588808e+02 6.491392421469205942e+01 4.508904335950246889e+01 1.000000000000000000e+03 1.000000000000000000e+00
5.069126996351608341e+02 1.696036930402850640e+00 4.343476976445248283e+01 5.158033945465962944e-01 4.519461976503187657e+02 4.021802356685014246e+01 4.310038672812565608e+01 1.000000000000000000e+03 1.000000000000000000e+00
2.394553000708282582e+02 1.058336680919959472e+00 4.219948500637113398e+01 1.916254542245280357e-01 1.607460759207192496e+02 4.897060771806660995e+01 4.482130726146721145e+01 1.000000000000000000e+03 1.000000000000000000e+00
1.591615389425238391e+03 1.334931013912255215e+00 4.283013192307673478e+01 3.481400470323179341e-01 2.994281319188947350e+02 1.709187136672327597e+03 3.286225343683677380e+01 1.000000000000000000e+03 1.000000000000000000e+00
3.258633102354018547e+02 1.711279975292365529e+00 4.260913000407418849e+01 2.425149858486822518e-01 2.052833691684300845e+02 1.399424558062849826e+02 9.879927962178358669e+00 1.000000000000000000e+03 1.000000000000000000e+00
1.714560166451592522e+02 1.077698352235715751e+00 4.210817904126835742e+01 1.505019813567524123e-01 1.252364871228462420e+02 1.707206467137656958e+01 3.610359562142147638e+01 1.000000000000000000e+03 1.000000000000000000e+00
3.287431283365696117e+02 3.359869414471328142e+00 4.336706300328540920e+01 3.359028488266305734e-01 2.884306141919570905e+02 1.175989934515941293e+01 4.209370314399227908e+01 1.000000000000000000e+03 1.000000000000000000e+00
4.952620429323387157e+02 3.247117205026021303e+00 4.252367364142313733e+01 1.389205403862479038e-01 1.153257444988921634e+02 4.205022494983942920e+02 1.221500482577736513e+01 1.000000000000000000e+03 1.000000000000000000e+00
2.932817480010145346e+02 1.802687300670042791e+00 4.298898512032508989e+01 3.193455755904567317e-01 2.735726027985367068e+02 1.988156167600685720e+01 6.121611845552143549e+00 1.000000000000000000e+03 1.000000000000000000e+00
1.341567523894211718e+02 4.489293270228782440e+00 4.248852391645540649e+01 1.335120149402053702e-01 1.107101491274589478e+02 2.323156875073267713e+01 3.345437756237718219e+00 1.000000000000000000e+03 1.000000000000000000e+00
3.069350443247582234e+02 1.549732087896950716e+00 4.246175303936862377e+01 2.028256283530327497e-01 1.704934521316420444e+02 1.325263524748361590e+02 3.158909138833705299e+01 1.000000000000000000e+03 1.000000000000000000e+00
4.155946574579321577e+02 2.525794915739609792e+00 4.328584075326754288e+01 3.984097117265347210e-01 3.448517344762598213e+02 6.630909698229463345e+01 3.261849355119819194e+01 1.000000000000000000e+03 1.000000000000000000e+00
1.364302489912381873e+02 2.565919294093198300e+00 4.233019915891426876e+01 1.527118470165376163e-01 1.271330291932305130e+02 9.831118788818908882e+00 8.858966166612414206e-01 1.000000000000000000e+03 1.000000000000000000e+00
1.669033643770843128e+03 2.158213146812096639e+00 4.276666631452226852e+01 2.630393411450769880e-01 2.234083029272601095e+02 1.783389907164487568e+03 4.249177087721913892e+01 1.000000000000000000e+03 1.000000000000000000e+00
3.005910833204363826e+02 2.569788131211169002e+00 4.307826290804079150e+01 3.350435020600053271e-01 2.876586674233114991e+02 1.482586365323149380e+01 2.439474156162630081e+00 1.000000000000000000e+03 1.000000000000000000e+00
2.325862842210566669e+03 1.342479371884071737e+00 4.291499778819508037e+01 3.244707088858527211e-01 2.781611818408649697e+02 2.706831120523749178e+03 5.289749172847435510e+00 1.000000000000000000e+03 1.000000000000000000e+00
3.939680163790242204e+02 1.859392253127531092e+00 4.284737536560611204e+01 2.800630474240553003e-01 2.385138386395630050e+02 1.583752391956050758e+02 4.061590929637034009e+01 1.000000000000000000e+03 1.000000000000000000e+00
2.402398848101120734e+02 1.050210764754481829e+00 4.223261897535106613e+01 1.969107652994848134e-01 1.653403917342430134e+02 6.057528630297649386e+01 2.907272327500538722e+01 1.000000000000000000e+03 1.000000000000000000e+00
2.519874362621865487e+02 1.075684793808373785e+00 4.251124543949868695e+01 2.562034309275115218e-01 2.173679002987994693e+02 1.342910735271640021e+01 3.006007250160882549e+01 1.000000000000000000e+03 1.000000000000000000e+00
6.052935441389081461e+02 1.548412318211619176e+00 4.262388816993096441e+01 2.734251853722445835e-01 2.326239072325118968e+02 4.651435842561014056e+02 9.423317204033265782e+00 1.000000000000000000e+03 1.000000000000000000e+00
4.423687918485989599e+02 1.751566008901511706e+00 4.338003945153211305e+01 4.760283394248486788e-01 4.155436045047932794e+02 3.576995924895843615e+01 3.824777480879559821e+00 1.000000000000000000e+03 1.000000000000000000e+00
3.339172094745203481e+02 2.115854720611567075e+01 4.331625584626769410e+01 1.754085921447043894e-01 1.466860246201862310e+02 1.718881614109129430e+02 4.818498198430480528e+01 1.000000000000000000e+03 1.000000000000000000e+00
4.572536941332008382e+02 1.084952865991813287e+00 4.281692997897451392e+01 3.061809686380482232e-01 2.617943237272606325e+02 2.204342870497867466e+02 3.487102271642733342e+01 1.000000000000000000e+03 1.000000000000000000e+00
7.669288557966739290e+02 1.117823599929366862e+00 4.350016735239480425e+01 7.164683403818735696e-01 6.363550428569589030e+02 1.886481485321172329e+02 3.547766746184856146e+01 1.000000000000000000e+03 1.000000000000000000e+00
4.185947986829463616e+02 2.367590790891149766e+00 4.311941714307310747e+01 3.702979067866125629e-01 3.194098887271257468e+02 9.914592665705971797e+01 3.676694784021994877e+01 1.000000000000000000e+03 1.000000000000000000e+00
2.579069425067349925e+02 1.639984652264914411e+00 4.243915549798433062e+01 2.249241888461439576e-01 1.898195752957832667e+02 8.129649418365544022e+01 2.105368867889134687e+00 1.000000000000000000e+03 1.000000000000000000e+00
2.439532612140835397e+02 4.005988318616741317e+00 4.295814781803811400e+01 2.183968884196595406e-01 1.840996207936827602e+02 6.483532836453154857e+01 8.090160884273927877e+00 1.000000000000000000e+03 1.000000000000000000e+00
4.979075130097157285e+02 1.102410594507053476e+00 4.319486320613333419e+01 5.087152114553952220e-01 4.454535873661150163e+02 3.899553002278761937e+01 4.014250549626302700e+01 1.000000000000000000e+03 1.000000000000000000e+00
3.023525472675568153e+02 1.926612540648420246e+00 4.282484452728005664e+01 3.137110114939450911e-01 2.685313988633470217e+02 1.885315996728428090e+01 2.557805511269695842e+01 1.000000000000000000e+03 1.000000000000000000e+00
8.949303268704435368e+02 1.924389374334075864e+00 4.284888549811674352e+01 2.823590283619429320e-01 2.405530436459727355e+02 8.181752889029255584e+02 2.097132819493481293e+01 1.000000000000000000e+03 1.000000000000000000e+00
3.169069554861710003e+02 1.494120938637258034e+00 4.277304512867439001e+01 2.552936755362544829e-01 2.165640210144010780e+02 9.481204659858991590e+01 3.114780442857168907e+01 1.000000000000000000e+03 1.000000000000000000e+00
4.645859382008109151e+02 1.316490087559367028e+00 4.325437104295080104e+01 5.035456041251177295e-01 4.407183477022977627e+02 2.906414954061337497e+01 6.821861234484516423e+00 1.000000000000000000e+03 1.000000000000000000e+00
3.508958239234157190e+02 1.824240286738473493e+00 4.282720217427363707e+01 3.150685278097014042e-01 2.697459589385996424e+02 9.376304434940193744e+01 1.295458912813621311e+01 1.000000000000000000e+03 1.000000000000000000e+00
1.256127253789618408e+02 2.613591086456740342e+01 4.297895342421075071e+01 9.217997742992156684e-02 7.574880524199137710e+01 6.597975540732400113e+00 4.786239962903142242e+01 1.000000000000000000e+03 1.000000000000000000e+00
6.398832803175124354e+03 2.824055873947872275e+00 4.290329659159947084e+01 2.799571077476202818e-01 2.384198358683971151e+02 7.856182962419654359e+03 2.888140174519831405e+01 1.000000000000000000e+03 1.000000000000000000e+00
6.581183266087616630e+02 1.224150991736506100e+00 4.325008591830685134e+01 4.774245299412233079e-01 4.168193927398907022e+02 3.216376645080540584e+02 3.486329943848097912e+01 1.000000000000000000e+03 1.000000000000000000e+00
3.719814936239048393e+02 2.057442232957182426e+00 4.330681784820473723e+01 3.891318085518132852e-01 3.364530092313860905e+02 2.990583725239811841e+01 1.944791052688631439e+01 1.000000000000000000e+03 1.000000000000000000e+00
4.173879964248992565e+02 4.525096694645830198e+00 4.344317553735247373e+01 3.626798147163564634e-01 3.125399624445989843e+02 9.745070409299434289e+01 4.542359542465550248e+01 1.000000000000000000e+03 1.000000000000000000e+00
3.013094658497259388e+02 1.702165133388277907e+00 4.257751778649367935e+01 2.380092394003509026e-01 2.013185665349506905e+02 9.559355391867681817e+01 2.819610328896516194e+01 1.000000000000000000e+03 1.000000000000000000e+00
4.905131483705246183e+02 1.204669554524962383e+00 4.254606230302879055e+01 2.631182360274004761e-01 2.234783082153522002e+02 3.011834576925213582e+02 3.611311856213879423e+01 1.000000000000000000e+03 1.000000000000000000e+00
2.059854541633860379e+02 2.865194691186849774e+00 4.257907379977055484e+01 2.023105620184219022e-01 1.700439297798318137e+02 7.626348019934055422e+00 3.558652636145584580e+01 1.000000000000000000e+03 1.000000000000000000e+00
8.824348161786382434e+02 1.079301705848691784e+00 4.360830052127919032e+01 6.781401023133240002e-01 6.011173326898641562e+02 4.720088551049653347e+02 8.129541941285234330e-02 1.000000000000000000e+03 1.000000000000000000e+00
2.047204055130036409e+02 1.196739569483461274e+00 4.230196418998762908e+01 1.865173267188278139e-01 1.563057789080924067e+02 3.109762908548435334e+01 2.634716424786516242e+01 1.000000000000000000e+03 1.000000000000000000e+00
4.576833940704723886e+02 1.039510007920447565e+00 4.310515000962283239e+01 4.753088028830244616e-01 4.148861181202231592e+02 3.297746668942752279e+01 3.016173125938911781e+01 1.000000000000000000e+03 1.000000000000000000e+00
5.199716906480224452e+02 1.949135208132419583e+00 4.217418905835754828e+01 1.553984114170350317e-01 1.294418628631697459e+02 4.208899081586408784e+02 3.032763447494621900e+01 1.000000000000000000e+03 1.000000000000000000e+00
4.409006090459120060e+02 1.579186871396051073e+00 4.304284344239928117e+01 4.130544576831390868e-01 3.581533248434253665e+02 1.113481482175926089e+02 5.578270585904715695e+00 1.000000000000000000e+03 1.000000000000000000e+00
1.950603472336560458e+02 4.174943052461478565e+00 4.266708782836666813e+01 1.772533852487134798e-01 1.482833735268291946e+02 4.339341026897636056e+01 1.167494037907562188e+01 1.000000000000000000e+03 1.000000000000000000e+00
5.502404600383026718e+02 1.327997399610244988e+00 4.245190280272176153e+01 1.985378798884953611e-01 1.667547793039977932e+02 4.535039442211494247e+02 6.118170533740851624e+00 1.000000000000000000e+03 1.000000000000000000e+00
1.535716107676058982e+03 1.058394809612662524e+00 4.261452085775895426e+01 2.644565653198902577e-01 2.246658393317395337e+02 1.622295182919570152e+03 3.547093635280831592e+01 1.000000000000000000e+03 1.000000000000000000e+00
2.874240768339073497e+02 4.352085494364132501e+00 4.266053566156698196e+01 1.814435672831737900e-01 1.519115216789630836e+02 1.359095073779365919e+02 2.419092919597862590e+01 1.000000000000000000e+03 1.000000000000000000e+00
1.886158214200190173e+02 2.629643413881475045e+00 4.189568548351637389e+01 9.186098101935369353e-02 7.548139694069632810e+01 1.030127201197340980e+02 2.051434357931917063e+01 1.000000000000000000e+03 1.000000000000000000e+00
3.629538834097231756e+02 1.164118103095376888e+00 4.246491290176205524e+01 2.734091380210114108e-01 2.326096680396377110e+02 1.352405632011420948e+02 3.074095173930357916e+01 1.000000000000000000e+03 1.000000000000000000e+00
5.127941227123542376e+02 1.461250048011085267e+00 4.331683024916470970e+01 5.511371762000243368e-01 4.843578852947392761e+02 3.644845290755536382e+01 7.660052102157305143e+00 1.000000000000000000e+03 1.000000000000000000e+00
6.893105203918657935e+02 2.532948615916408297e+00 4.345728636310006010e+01 3.983059057307861694e-01 3.447574491375319212e+02 4.559785453342549317e+02 2.581204903836058051e+01 1.000000000000000000e+03 1.000000000000000000e+00
2.452555899861673083e+02 7.927241103494069741e+00 4.324962027219700644e+01 2.170215916385331845e-01 1.828944311285940785e+02 3.055622097823997052e+01 4.533865583102720365e+01 1.000000000000000000e+03 1.000000000000000000e+00
1.281574275127290434e+02 3.669013460003694327e+00 4.237356676210556117e+01 1.351058587831787117e-01 1.120703236034425885e+02 1.281357344642261786e+01 5.446992451862203488e+00 1.000000000000000000e+03 1.000000000000000000e+00
3.399004042891794143e+03 6.415656415530807344e+00 4.286979282194253926e+01 1.933288580754876085e-01 1.622267787853741368e+02 3.855537640342172381e+03 7.002076078642788026e+00 1.000000000000000000e+03 1.000000000000000000e+00
3.871750467722293934e+02 2.596542170297460039e+00 4.282015005074286762e+01 2.549101691788745461e-01 2.162251466102528923e+02 2.071147563650600318e+02 7.412011768317627869e+00 1.000000000000000000e+03 1.000000000000000000e+00
4.769817649565571855e+02 5.463697737789794395e+00 4.321112944590330329e+01 2.263016885600654948e-01 1.910266954182641541e+02 3.147073036905482013e+02 3.595988093657152262e+01 1.000000000000000000e+03 1.000000000000000000e+00
4.155796212232601761e+02 1.489328458499925345e+00 4.312378380713827397e+01 4.437773689413703204e-01 3.861082428062049985e+02 2.167546853112954608e+01 2.087464065892182674e+01 1.000000000000000000e+03 1.000000000000000000e+00
2.690923590985014471e+03 1.359975476418920914e+00 4.315003340649676034e+01 4.548047239680549358e-01 3.961561369231934009e+02 3.323991371820000040e+03 1.444716075728375060e+01 1.000000000000000000e+03 1.000000000000000000e+00
4.687091382057057558e+02 1.889786302512989513e+00 4.328639814397921270e+01 4.146071461304690065e-01 3.595636071218215193e+02 1.430374972645841183e+02 1.136055097488375409e+01 1.000000000000000000e+03 1.000000000000000000e+00
2.721288391048808535e+03 1.313451112878329274e+00 4.168489511817948312e+01 1.109738952241401400e-01 9.157757929811671715e+01 2.907755909243292535e+03 1.378415460040925389e+01 1.000000000000000000e+03 1.000000000000000000e+00
3.804274711719025390e+02 1.043267684161702347e+00 4.283529513510575271e+01 4.088716219804523488e-01 3.543541215485944349e+02 1.317550134609667190e+01 2.355850102815687919e+01 1.000000000000000000e+03 1.000000000000000000e+00
3.073356059697974842e+02 3.779623376498379539e+00 4.326299022225250468e+01 2.834983142409946977e-01 2.415681748644782942e+02 5.762370020457077402e+01 2.678868675106714647e+01 1.000000000000000000e+03 1.000000000000000000e+00
1.355503796330242494e+02 1.538039282588502310e+01 4.276586796536677326e+01 1.103396311564207588e-01 9.104144039256466669e+01 7.527775948818716145e+00 4.189226323059670420e+01 1.000000000000000000e+03 1.000000000000000000e+00
2.599725063084762837e+02 1.362833872515667011e+00 4.277854818345802101e+01 2.793902428833535678e-01 2.379168433172506809e+02 1.089546827232615023e+01 1.732233175897137656e+01 1.000000000000000000e+03 1.000000000000000000e+00
3.149006086892562735e+02 1.006500548693826103e+00 4.283674642205275518e+01 3.416322702754035490e-01 2.935773239316794729e+02 1.771007476055241270e+01 1.089793217848422557e+01 1.000000000000000000e+03 1.000000000000000000e+00
3.349817964380057447e+02 1.045467018418872795e+00 4.267362432639453829e+01 2.917844821450977788e-01 2.489513504799214161e+02 9.983683607380631031e+01 1.129595900686952170e+01 1.000000000000000000e+03 1.000000000000000000e+00
1.139136673740783635e+03 2.057234006781824665e+00 4.283628117992486750e+01 2.814455923033659657e-01 2.397406032879919735e+02 1.125810570448688395e+03 2.671655976800902366e+01 1.000000000000000000e+03 1.000000000000000000e+00
9.503048038557016071e+02 1.027752118446861429e+00 4.314690869771852277e+01 5.520624746125381010e-01 4.852070806113671892e+02 6.874804972659227360e+02 3.438022600933629747e+01 1.000000000000000000e+03 1.000000000000000000e+00
9.606984540997013937e+02 3.236446615653501002e+00 4.281930771834285565e+01 2.196984527112693097e-01 1.852401977616677300e+02 9.368145462163020056e+02 9.010689181376390522e+00 1.000000000000000000e+03 1.000000000000000000e+00
2.157705012911937956e+02 1.654616079924485339e+00 4.240980747662565875e+01 2.076276327816376499e-01 1.746843847923460942e+02 1.238181284851911990e+01 3.723491675917492216e+01 1.000000000000000000e+03 1.000000000000000000e+00
1.996626882158334411e+02 2.625107650904783796e+01 4.320298052944849587e+01 1.430876103487193074e-01 1.188872899285837832e+02 6.950455093736816536e+01 2.282880606577007399e+01 1.000000000000000000e+03 1.000000000000000000e+00
3.366537627464589377e+02 1.498138997295175745e+00 4.295700200390207613e+01 3.061210105244981383e-01 2.617406796346923556e+02 7.688101669460149878e+01 2.096453512084482895e+01 1.000000000000000000e+03 1.000000000000000000e+00
4.014204860547841349e+02 1.264957674308347491e+00 4.291499536051993857e+01 4.043894140625091671e-01 3.502830032211331854e+02 5.786609897025506655e+01 1.395084058312759367e+01 1.000000000000000000e+03 1.000000000000000000e+00
1.106125270966921192e+02 1.672032154200134713e+01 4.252915030724719969e+01 6.903217167604958071e-02 5.642298559864622121e+01 2.519451416592031379e+01 3.273584906386509630e+01 1.000000000000000000e+03 1.000000000000000000e+00
1.968810186779828086e+02 4.181185423049632810e+00 4.261374576518274893e+01 1.659528579212270483e-01 1.385243467015789633e+02 3.412256343135396719e+01 3.391856503830568670e+01 1.000000000000000000e+03 1.000000000000000000e+00
8.312936589929046249e+02 1.193721186838481430e+01 4.265629253475837146e+01 1.015449234080736396e-01 8.362110846956331045e+01 8.205018821831482683e+02 3.093020217404807148e+00 1.000000000000000000e+03 1.000000000000000000e+00
5.643883276086551177e+02 1.859443339961784014e+00 4.265397386453741291e+01 2.561862625096718027e-01 2.173527299182995591e+02 4.247140099148217018e+02 1.122734050563614616e+01 1.000000000000000000e+03 1.000000000000000000e+00
8.404637074999986908e+02 4.067455815740286695e+00 4.326743714907263438e+01 3.399964836044830907e-01 2.921079052012530042e+02 7.328994495926497166e+02 1.895397251784597392e+00 1.000000000000000000e+03 1.000000000000000000e+00
2.416924056977431974e+02 1.403001321711465010e+01 4.298902185314096869e+01 1.536491313219479071e-01 1.279385314035018126e+02 8.133903106353936607e+01 4.989302720051827578e+01 1.000000000000000000e+03 1.000000000000000000e+00
9.701210149016452533e+01 1.568595772172928005e+00 4.148953835777901844e+01 6.516693172985099647e-02 5.321440588477391032e+01 3.795679894948804645e+01 8.695058095343870974e+00 1.000000000000000000e+03 1.000000000000000000e+00
1.621126846503012757e+02 4.219599358293372404e+00 4.254014371359666313e+01 1.425273293292366183e-01 1.184075007902949608e+02 3.583875166744910956e+01 1.409561532596717015e+01 1.000000000000000000e+03 1.000000000000000000e+00
2.619732143302244936e+02 2.103125826552465494e+00 4.277430719024836492e+01 2.457547694377536507e-01 2.081352399573183334e+02 3.905370678943131679e+01 2.801520656248408514e+01 1.000000000000000000e+03 1.000000000000000000e+00
3.326996010718074785e+02 4.864699042152653696e+00 4.283683084475119784e+01 1.862381882281138878e-01 1.560631346504768828e+02 1.860635769274708480e+02 2.346934497518444829e+01 1.000000000000000000e+03 1.000000000000000000e+00
4.525300351762458604e+02 1.061407751256085108e+00 4.299823510444488051e+01 4.198769360192381450e-01 3.643500736559048505e+02 9.494197312811751033e+01 3.026272045367857189e+01 1.000000000000000000e+03 1.000000000000000000e+00
2.753210717088761612e+02 1.644328507460985911e+00 4.299506650008182618e+01 3.008687745865019636e-01 2.570456743233616521e+02 1.783526777347274717e+01 5.938626028502902443e+00 1.000000000000000000e+03 1.000000000000000000e+00
