#DMe S logL Z DMi DMh DMs dnu thres
1.307050611068933222e+03 1.549814879383261346e+00 4.428075628577489198e+01 1.341157044857083758e+00 1.198446816438827682e+03 2.120312718901159315e+02 4.222726700636778929e+01 1.000000000000000000e+03 1.000000000000000000e+00
1.220717662168745619e+03 1.736055752219863413e+00 4.431328330944396043e+01 1.198296821490248742e+00 1.072856567299052358e+03 2.802606646104159722e+02 4.478191026369896122e+01 1.000000000000000000e+03 1.000000000000000000e+00
3.958190624029217361e+03 1.799883885531344774e+01 4.445846273527262582e+01 5.884617966253350430e-01 5.186458979600299699e+02 5.457179555611702199e+03 6.405839533355905502e+00 1.000000000000000000e+03 1.000000000000000000e+00
1.002710001415959482e+03 6.000538156099266551e+00 4.446354327163635389e+01 8.255501237014334359e-01 7.364259417773553196e+02 4.626720830230013348e+02 2.344281498997233726e+01 1.000000000000000000e+03 1.000000000000000000e+00
2.532254298325762647e+03 2.379213326044418153e+00 4.453145815806992402e+01 1.285467271145559476e+00 1.149791754937950827e+03 3.117842999030331612e+03 4.172989746715995096e+01 1.000000000000000000e+03 1.000000000000000000e+00
1.339349835822600198e+03 1.898345559925155523e+00 4.442479590877995577e+01 1.402181908747230255e+00 1.251518849341403893e+03 1.700836566187286962e+02 4.090235013382380203e+01 1.000000000000000000e+03 1.000000000000000000e+00
1.281362620255290494e+03 3.270871474554458480e+00 4.466229665879770039e+01 1.410153354031770334e+00 1.258400484477083410e+03 2.633417367283966470e+01 2.900809488873927933e+01 1.000000000000000000e+03 1.000000000000000000e+00
1.169776782859471723e+03 2.159217521721355482e+01 4.421664540211523331e+01 4.304355936923204284e-01 3.739514976292600181e+02 1.126323281779727495e+03 1.205353257391051969e+01 1.000000000000000000e+03 1.000000000000000000e+00
2.084624555397451786e+03 1.045989936802084186e+00 4.451550027046446445e+01 2.010456751466580538e+00 1.758557422342035807e+03 9.616396392001614686e+02 1.997136293786699213e+01 1.000000000000000000e+03 1.000000000000000000e+00
1.953135302767838766e+03 2.838833426328899456e+00 4.467675332301296010e+01 1.194194135307920401e+00 1.069204260444840884e+03 1.909299443945659050e+03 3.021686513608015190e+01 1.000000000000000000e+03 1.000000000000000000e+00
2.938367321958112370e+03 1.263463382990933859e+00 4.416620364070256244e+01 1.131607204639667241e+00 1.013487916151110426e+03 4.055149855597069291e+03 4.793695388365819809e+01 1.000000000000000000e+03 1.000000000000000000e+00
8.088396823033577903e+02 2.107810641968320908e+00 4.400658380779077561e+01 8.406582335014169960e-01 7.502568517838753905e+02 8.066893133953223582e+01 2.716203799797114371e+01 1.000000000000000000e+03 1.000000000000000000e+00
1.310418032463676809e+03 1.687387889224407633e+00 4.451586732576314631e+01 1.380512596215726084e+00 1.232812040580885878e+03 1.612148336752569264e+02 2.352720754354241706e+01 1.000000000000000000e+03 1.000000000000000000e+00
5.911787727506226702e+02 4.021346702761968039e+00 4.395669333276786972e+01 6.037943067247985018e-01 5.327377256981468463e+02 5.083937380429959063e+01 4.288804473749729596e+01 1.000000000000000000e+03 1.000000000000000000e+00
1.032719686268329042e+03 2.492480119174421471e+00 4.436189967834483383e+01 1.122493113096883377e+00 1.005374339452263257e+03 3.044198435871907904e+01 2.759832593362641262e+01 1.000000000000000000e+03 1.000000000000000000e+00
1.332597311192460666e+03 3.506281815258742274e+00 4.458539741980477800e+01 1.200837225847481982e+00 1.075118094462976615e+03 5.613672686363861430e+02 5.302576423914312720e+00 1.000000000000000000e+03 1.000000000000000000e+00
9.638626350006162511e+02 1.215264819708031130e+00 4.415365390913611066e+01 1.052948595161474543e+00 9.429801775254173890e+02 4.202414544036096800e+01 8.464662968677982846e-01 1.000000000000000000e+03 1.000000000000000000e+00
2.034506652041796087e+03 1.082123821010817943e+00 4.482748701969870098e+01 2.303117944870085587e+00 1.988832162028656057e+03 1.204549001417673537e+02 3.041332744342532379e+01 1.000000000000000000e+03 1.000000000000000000e+00
5.555368906335027532e+03 1.138131562350291004e+00 4.462273304698809540e+01 2.025872900034406676e+00 1.770903067246734736e+03 1.144441705196330622e+04 6.895571639931325159e+00 1.000000000000000000e+03 1.000000000000000000e+00
1.379712251715458933e+03 6.891413544795346624e+00 4.382389615049132203e+01 4.514864963269195064e-01 3.931326376422223916e+02 1.410984923475887172e+03 2.102206390283938831e+01 1.000000000000000000e+03 1.000000000000000000e+00
1.638089958375217520e+03 1.163243891087441195e+00 4.447237792324377637e+01 1.823080661259174340e+00 1.606728401213814550e+03 5.600038357800219302e+01 3.253582195132900523e+01 1.000000000000000000e+03 1.000000000000000000e+00
3.269365136297763001e+03 1.238628868217347856e+00 4.441255176565215379e+01 1.468281353329150773e+00 1.308581558053215986e+03 4.824150761654255803e+03 1.561478244076954169e+01 1.000000000000000000e+03 1.000000000000000000e+00
1.648894603205330895e+03 2.113500404101905428e+00 4.479914009533566599e+01 1.820736169738309762e+00 1.604818072398395771e+03 8.350632814420066552e+01 4.082193653950624679e+01 1.000000000000000000e+03 1.000000000000000000e+00
1.095898990704426069e+03 1.641085274679486838e+00 4.435279801341411599e+01 1.175468109577710196e+00 1.052533915922467713e+03 6.884928320683609115e+01 2.549005405076685804e+01 1.000000000000000000e+03 1.000000000000000000e+00
1.143398644583942996e+03 1.199073587761314785e+00 4.401786036069273678e+01 1.142199959389484931e+00 1.022917833297682705e+03 2.418571597370892903e+02 1.623682930754958420e+01 1.000000000000000000e+03 1.000000000000000000e+00
1.310823670671941045e+03 2.201279167365431721e+00 4.462024489556718976e+01 1.365859833387493616e+00 1.220018065333503273e+03 2.044404250967092764e+02 1.039290921993745087e+01 1.000000000000000000e+03 1.000000000000000000e+00
7.981917479644696414e+02 4.337124215639845737e+00 4.421926703533067382e+01 7.739870694861077371e-01 6.891760926813755077e+02 1.474824755540307990e+02 4.590988728973310629e+01 1.000000000000000000e+03 1.000000000000000000e+00
5.416978848156616095e+02 1.934345337328796077e+01 4.465008321166963157e+01 5.659163509862176200e-01 4.979260646087263353e+02 4.563312191030186682e+01 2.290988706416690590e+01 1.000000000000000000e+03 1.000000000000000000e+00
4.243935036408953238e+03 3.623659952376744542e+00 4.460966273066028265e+01 1.202230030515509807e+00 1.076358001638311407e+03 6.968250603229898843e+03 7.482666713279711779e+00 1.000000000000000000e+03 1.000000000000000000e+00
9.666407946708487771e+02 5.258089458052958243e+00 4.469815940267126564e+01 1.064213727796522235e+00 9.530876022472972409e+02 1.555844729977833474e+01 1.241823855638446439e+01 1.000000000000000000e+03 1.000000000000000000e+00
1.232352982421487468e+03 3.649193857113707029e+00 4.429837313905751017e+01 7.813464804844119094e-01 6.959299287165498527e+02 9.268870900491992870e+02 2.866822871879196200e+01 1.000000000000000000e+03 1.000000000000000000e+00
4.487862834635690206e+02 6.003804819191410402e+00 4.383345335089722994e+01 4.629098534695103018e-01 4.035564080242079399e+02 4.218931428523445959e+01 2.397791616620548893e+01 1.000000000000000000e+03 1.000000000000000000e+00
8.651476779644367525e+02 3.291167033614160076e+00 4.420630401090248540e+01 9.385179611212761674e-01 8.394621731440224721e+02 1.758835768875955452e+01 3.220345474608060954e+01 1.000000000000000000e+03 1.000000000000000000e+00
3.846077019241045036e+02 7.254869600849075084e+01 4.468788058082466108e+01 3.803347102638818811e-01 3.284904304095722978e+02 5.750912361575622356e+01 1.995149410105514676e+01 1.000000000000000000e+03 1.000000000000000000e+00
1.089265988790892607e+03 2.040408498366536261e+00 4.433410803443324255e+01 1.131116835715726854e+00 1.013051378306779611e+03 1.177657932209121725e+02 4.465644630929751457e+01 1.000000000000000000e+03 1.000000000000000000e+00
1.123256803000676655e+03 1.607888194569068174e+00 4.426712502481720435e+01 1.222696391778334668e+00 1.094414090455916266e+03 6.133225694862503730e+01 2.776336153713438115e+00 1.000000000000000000e+03 1.000000000000000000e+00
1.956451274062094399e+03 3.309544428672299254e+00 4.455835833819026703e+01 1.141097944144604304e+00 1.021936793643794545e+03 1.999448801604673918e+03 1.438231192311123507e+00 1.000000000000000000e+03 1.000000000000000000e+00
1.144334038852953654e+03 5.625518115723004975e+00 4.450325793780876893e+01 9.501449506606286510e-01 8.500225660026031846e+02 5.619853595170409335e+02 1.196467318356266851e+01 1.000000000000000000e+03 1.000000000000000000e+00
1.754914399918722211e+03 1.241475600478920249e+00 4.471764996188232288e+01 1.978650954566559150e+00 1.733086529095837932e+03 5.584629188929363153e+01 9.171316373446281034e+00 1.000000000000000000e+03 1.000000000000000000e+00
1.035625660227742401e+03 6.240977394370551679e+01 4.423872073613006251e+01 2.352970106413098117e-01 1.989319582670959505e+02 1.030537277369312733e+03 3.027951485084656724e+00 1.000000000000000000e+03 1.000000000000000000e+00
8.098194856650095517e+02 3.883292011164575115e+02 4.459463633025961826e+01 1.622837361465371275e-01 1.353594381026750852e+02 7.630630726650166480e+02 2.085087129730445810e+01 1.000000000000000000e+03 1.000000000000000000e+00
4.540750866328481834e+02 1.285189531452470746e+01 4.416031289960783113e+01 4.317913350641459092e-01 3.751868206710192908e+02 7.376268155744489263e+01 3.918885408493746780e+01 1.000000000000000000e+03 1.000000000000000000e+00
3.321964729182267092e+03 1.202897005589821156e+00 4.446071495900723392e+01 1.506244854589209536e+00 1.341060033752394247e+03 4.930543775110435490e+03 3.408842524228934678e+01 1.000000000000000000e+03 1.000000000000000000e+00
8.082416281620003247e+02 1.903965921938510775e+01 4.382779174828675650e+01 2.614356827949106954e-01 2.219912297424922940e+02 6.942021479060207412e+02 4.531502371307973931e+01 1.000000000000000000e+03 1.000000000000000000e+00
7.518254884392762278e+02 6.096946132013071562e+00 4.455051298006259231e+01 7.847896549379425046e-01 6.990897788329525611e+02 5.550870679532118146e+01 3.861344215585681638e+01 1.000000000000000000e+03 1.000000000000000000e+00
6.125649871614109543e+02 1.315507049350662427e+01 4.453091867965977713e+01 6.330351613985829573e-01 5.596312732475756775e+02 3.952457864795501052e+01 4.691803739675138019e+01 1.000000000000000000e+03 1.000000000000000000e+00
8.828611819642835599e+02 7.300772738803048334e+00 4.458105083480682396e+01 9.705907773843991393e-01 8.685928039640892848e+02 2.008067510443450487e+01 8.036458990982897177e+00 1.000000000000000000e+03 1.000000000000000000e+00
2.488199003848820212e+03 4.489266039514256512e+00 4.466731546169599198e+01 1.071105893859157554e+00 9.592714663797132744e+02 3.145221157678021882e+03 2.134967645781315326e+01 1.000000000000000000e+03 1.000000000000000000e+00
1.381220955800684351e+03 1.159819989419640374e+00 4.454218061496401049e+01 1.501584966279820410e+00 1.337087854493254781e+03 7.717607709406753713e+01 3.322662565190251627e+01 1.000000000000000000e+03 1.000000000000000000e+00
2.329985846073503126e+03 6.402691400678887312e+00 4.442812304317833849e+01 6.948808187342176979e-01 6.165131963842275127e+02 2.882506550362807957e+03 2.162537702124123840e+01 1.000000000000000000e+03 1.000000000000000000e+00
1.126383822278931575e+03 1.444795201410738139e+00 4.416217280853192761e+01 1.227819802447628561e+00 1.098934060861109856e+03 1.764747329572393042e+01 4.350564876336238740e+01 1.000000000000000000e+03 1.000000000000000000e+00
1.315516938120709938e+02 1.349477563147663943e+02 4.373818790521507083e+01 1.146135930883339649e-01 9.465419001715929426e+01 1.319364332729767320e+01 2.793281595353928992e+01 1.000000000000000000e+03 1.000000000000000000e+00
5.692322910868948611e+02 3.523653428101864904e+01 4.493290667658909854e+01 5.881658709227531867e-01 5.183739347733177283e+02 5.703732040467275510e+01 2.373418534377925226e+01 1.000000000000000000e+03 1.000000000000000000e+00
5.211488147705626943e+03 6.896294837194522742e+00 4.435981314987751745e+01 6.585649974327071332e-01 5.831124644701239959e+02 7.665943603594557317e+03 1.051829958854020219e+01 1.000000000000000000e+03 1.000000000000000000e+00
7.779924910641191218e+02 1.816583810750970196e+00 4.412608284310745432e+01 8.574486517118193873e-01 7.656080695657345814e+02 1.190665322024709383e+01 1.109677379415814258e+01 1.000000000000000000e+03 1.000000000000000000e+00
5.038177363629698675e+02 1.518889403603627208e+01 4.418427326642504482e+01 3.941827279580988330e-01 3.410247830798552968e+02 2.235816008869948632e+02 3.381522813613163869e+00 1.000000000000000000e+03 1.000000000000000000e+00
1.128297221326457930e+03 2.052927991037456046e+00 4.444125272350127176e+01 1.191005100223185176e+00 1.066365307090701663e+03 1.102506773828824578e+02 2.544246257424449453e+01 1.000000000000000000e+03 1.000000000000000000e+00
1.383291673683322642e+03 3.059016138828019926e+00 4.472624287900488582e+01 1.551125191289356220e+00 1.379316904034953268e+03 8.964462343985386994e+00 1.175672635542296396e+00 1.000000000000000000e+03 1.000000000000000000e+00
1.473957371216690262e+03 2.389842631512254734e+00 4.476037708598637721e+01 1.595702517556504496e+00 1.417188586327388975e+03 1.266563790464666823e+02 2.069849880931628050e+01 1.000000000000000000e+03 1.000000000000000000e+00
7.835617366690329391e+02 3.247988417504432679e+00 4.425477995868995151e+01 8.264456370418061804e-01 7.372457507795605807e+02 6.012161206297264471e+01 2.447201829014403174e+01 1.000000000000000000e+03 1.000000000000000000e+00
4.910505766502251390e+02 2.010939124766203179e+01 4.441556913940947027e+01 5.132914064807782006e-01 4.496452752079832180e+02 5.591304390314346051e+01 6.745242952147373572e+00 1.000000000000000000e+03 1.000000000000000000e+00
1.442878021185077841e+03 1.165111177632653927e+00 4.449350069765544191e+01 1.482152694934973702e+00 1.320523409152699969e+03 2.868897688584757475e+02 1.681306113541409175e+01 1.000000000000000000e+03 1.000000000000000000e+00
7.330740573750814519e+02 5.737607795603579142e+00 4.450976021994696907e+01 8.111906672958391074e-01 7.232803959799224458e+02 1.526144125522234773e+01 2.476746862345124978e+00 1.000000000000000000e+03 1.000000000000000000e+00
8.126959147159961958e+02 2.504468244224498985e+00 4.424278421164315489e+01 8.840484575660922939e-01 7.898758119924126504e+02 1.306873952669768535e+01 2.992543981116969221e+01 1.000000000000000000e+03 1.000000000000000000e+00
9.596757363813761685e+02 2.388227577984085581e+00 4.442999664976549923e+01 1.014532353985698743e+00 9.083160324887475099e+02 1.024688469693597170e+02 9.969382134658422157e-01 1.000000000000000000e+03 1.000000000000000000e+00
1.129951269352466625e+03 2.143610719119775077e+00 4.443671734115550720e+01 1.112731548379512159e+00 9.966192884776534129e+02 2.701165835906855364e+02 1.157809881146598130e+01 1.000000000000000000e+03 1.000000000000000000e+00
1.124599502680786372e+03 4.129527015728932327e+00 4.456090137728235590e+01 1.173410086339662817e+00 1.050701815672923203e+03 1.334973733341235516e+02 2.711260496593751412e+01 1.000000000000000000e+03 1.000000000000000000e+00
1.987197950350145220e+03 1.118407857614539980e+00 4.470728714518369173e+01 2.277997011890257273e+00 1.969461490441195110e+03 4.530285463981670802e+01 1.283720794323274283e+01 1.000000000000000000e+03 1.000000000000000000e+00
9.309911252276915548e+02 3.515085122202941115e+00 4.447768811593690685e+01 9.671687772115130644e-01 8.654847194452636359e+02 9.631962042707486660e+01 3.254253573546495204e+01 1.000000000000000000e+03 1.000000000000000000e+00
1.566508874947336608e+03 1.036048244937586515e+00 4.440417328931773255e+01 1.718398067318391842e+00 1.520083213571200531e+03 8.621891537961577967e+01 3.998451277925041580e+01 1.000000000000000000e+03 1.000000000000000000e+00
3.374064036666734410e+03 2.468446723376566343e+00 4.422925001198971984e+01 9.629841045331181126e-01 8.616839258418250438e+02 4.910093072388418477e+03 2.166914970603270163e+01 1.000000000000000000e+03 1.000000000000000000e+00
1.489633391631464974e+03 1.953497573420224009e+00 4.469765306321131959e+01 1.625886337309157881e+00 1.442563517462966274e+03 1.138664570869815407e+02 9.733682390940318285e+00 1.000000000000000000e+03 1.000000000000000000e+00
9.694049923646776961e+02 2.679454665820187209e+00 4.433364191975351787e+01 9.553632528131136281e-01 8.547621695430126465e+02 2.012165183840278360e+02 2.295184456022053610e+01 1.000000000000000000e+03 1.000000000000000000e+00
8.925031866220537040e+02 6.918375130919272920e+00 4.458694168240518252e+01 8.705660547653245596e-01 7.775754410703747226e+02 1.989269297669543448e+02 1.605300981272286265e+01 1.000000000000000000e+03 1.000000000000000000e+00
1.398830650785736907e+03 2.142869327059975681e+00 4.402643986841644619e+01 8.634806392717598866e-01 7.711112195220733838e+02 1.129194365176114388e+03 4.054864187840285439e+01 1.000000000000000000e+03 1.000000000000000000e+00
1.157460663230777072e+03 6.730773296654633420e+00 4.473526585374290221e+01 1.034280734770323562e+00 9.261535798167325311e+02 4.360348987872729367e+02 3.450864481783019500e+01 1.000000000000000000e+03 1.000000000000000000e+00
1.661913904272582840e+03 1.002327985236364682e+00 4.456921887609293265e+01 1.710707285100407038e+00 1.513714292375090963e+03 3.786273347074554749e+02 2.309843291212886385e+01 1.000000000000000000e+03 1.000000000000000000e+00
1.278163295960739333e+03 1.209191896771799390e+00 4.439317088558861712e+01 1.347649606495026298e+00 1.204116324676072736e+03 1.399710194164833581e+02 3.386532358211291438e+01 1.000000000000000000e+03 1.000000000000000000e+00
7.897796056153802056e+02 2.330803307625274989e+00 4.404729185821650361e+01 8.642995380103791758e-01 7.718583236088934427e+02 2.500980432242311480e+01 8.400833442823978814e+00 1.000000000000000000e+03 1.000000000000000000e+00
2.146686504779587267e+03 3.001044401026829433e+01 4.495500551674654588e+01 7.794694517489076935e-01 6.942073527772760144e+02 2.558126340036274996e+03 2.651594025399682408e+01 1.000000000000000000e+03 1.000000000000000000e+00
8.151400052604273014e+02 1.044226995323128193e+01 4.462175142211847145e+01 8.221805709785097172e-01 7.333412421630438303e+02 1.040847316976661006e+02 4.496738514845998935e+01 1.000000000000000000e+03 1.000000000000000000e+00
9.006348574091978207e+02 5.802222122549135719e+00 4.458861540378305932e+01 9.147040043841101475e-01 8.178327790682346858e+02 1.377938166539233578e+02 2.074765431684551586e+01 1.000000000000000000e+03 1.000000000000000000e+00
7.712426097475032520e+02 3.447178097792980900e+00 4.423852018831195210e+01 8.440928014337328866e-01 7.534010703930883892e+02 3.224443194786204003e+01 6.570223421109855355e-01 1.000000000000000000e+03 1.000000000000000000e+00
5.972154358542985619e+02 3.856536096352007004e+00 4.405561428198075191e+01 6.602991675163215612e-01 5.847075263620788519e+02 7.914264008708191689e+00 1.285260770859371071e+01 1.000000000000000000e+03 1.000000000000000000e+00
6.112026754342084587e+02 1.798710841395368076e+00 4.348331360645730115e+01 5.119683766792508806e-01 4.484334107872733739e+02 2.069047243386454227e+02 3.919725650285651142e+01 1.000000000000000000e+03 1.000000000000000000e+00
1.772598881849728741e+03 1.184750721182498134e+00 4.440178424525347367e+01 1.640806324050370968e+00 1.455106450703505288e+03 7.982359093331626809e+02 4.020011067591119058e+01 1.000000000000000000e+03 1.000000000000000000e+00
1.192486231762275793e+03 4.138812447330639799e+00 4.481823908988901906e+01 1.285869143640723244e+00 1.150146294501934563e+03 6.641898088711636206e+01 3.036457523998165087e+01 1.000000000000000000e+03 1.000000000000000000e+00
1.952045494449398802e+03 1.082633644697184261e+00 4.463303921472954983e+01 2.183732631277086611e+00 1.895942538032253651e+03 1.316845169637173854e+02 4.693229609266372648e+01 1.000000000000000000e+03 1.000000000000000000e+00
1.947112661555201157e+03 2.441883311377139876e+00 4.409143701735098375e+01 7.922647490902761103e-01 7.059497789421982361e+02 2.212437112951952258e+03 1.205536943460539590e+01 1.000000000000000000e+03 1.000000000000000000e+00
7.059091868927251880e+02 3.708330184864351953e+00 4.395410021146550150e+01 7.100882276293930540e-01 6.304908579922188210e+02 1.125152401279360106e+02 1.645675627230156479e+01 1.000000000000000000e+03 1.000000000000000000e+00
1.047350028249712068e+03 2.746142112291732928e+01 4.487621905973999503e+01 6.817852414359433233e-01 6.044700733237273198e+02 7.010955595495247508e+02 4.373341237281202609e+01 1.000000000000000000e+03 1.000000000000000000e+00
1.079085468810294060e+03 1.604431493798946562e+00 4.416816960352738164e+01 1.170677943913333907e+00 1.048269598811359401e+03 3.466037366252187724e+01 3.223095566666639655e+01 1.000000000000000000e+03 1.000000000000000000e+00
1.470766927812835775e+03 2.367235572535061561e+00 4.442125767124257862e+01 1.240070193289503742e+00 1.109741588820792458e+03 7.953536601450463195e+02 1.336844075326858494e+01 1.000000000000000000e+03 1.000000000000000000e+00
4.870759887532052517e+02 1.510962777537461932e+01 4.421540904242638703e+01 4.509252615522549856e-01 3.926212523121088225e+02 9.422359781089130593e+01 4.282316536475588720e+01 1.000000000000000000e+03 1.000000000000000000e+00
4.073660199572041734e+02 4.393001861183067547e+01 4.449172060150024777e+01 4.001140035047483501e-01 3.463997156544313043e+02 6.341431188484503423e+01 2.194546451139901677e+01 1.000000000000000000e+03 1.000000000000000000e+00
1.879159322339836990e+03 1.615735307247022412e+00 4.468734345688319820e+01 1.944105221434297315e+00 1.705341129226864950e+03 5.115808214234784828e+02 1.582285006972827812e-01 1.000000000000000000e+03 1.000000000000000000e+00
2.198186794233126420e+03 1.004791167998985602e+00 4.466785312253747975e+01 2.070034771935663098e+00 1.806269020449700292e+03 1.173805414250318790e+03 2.939577900441491209e+01 1.000000000000000000e+03 1.000000000000000000e+00
9.487627235497571974e+02 1.746490456015422632e+00 4.418846425746292539e+01 9.825983331736983795e-01 8.794719154029353376e+02 1.255752275075752920e+02 1.180061322857233108e+01 1.000000000000000000e+03 1.000000000000000000e+00
1.228982910000845095e+03 1.882663197686638146e+00 4.434392337975405951e+01 1.345727963928882831e+00 1.202438286181355579e+03 4.827711575973965097e+01 1.398935062560965292e+01 1.000000000000000000e+03 1.000000000000000000e+00
1.015760532160343587e+03 1.142680370187905137e+00 4.405774978341482040e+01 1.067046331620288946e+00 9.556291018321805950e+02 1.076787810107197316e+02 1.661567146419063334e+01 1.000000000000000000e+03 1.000000000000000000e+00
