#DMe S logL Z DMi DMh DMs dnu thres
2.139248558079783379e+03 1.322239092461353405e+00 4.421434140337311902e+01 1.126567583103682324e+00 1.009001527609429445e+03 2.361400154463648050e+03 4.214654143380616347e+01 1.000000000000000000e+03 1.000000000000000000e+00
6.615285460432040736e+02 4.487198707637808148e+00 4.405714988419581601e+01 6.882436604410220315e-01 6.104104237741327097e+02 4.334634034367201849e+01 4.295350551073669010e+01 1.000000000000000000e+03 1.000000000000000000e+00
8.684374799187704639e+02 3.889277572914827896e+00 4.439765217498342054e+01 9.389493349625810392e-01 8.398539750990923949e+02 3.398503525530689018e+01 2.143693240570767600e+01 1.000000000000000000e+03 1.000000000000000000e+00
4.700110625587971640e+02 8.908284464332821173e+00 4.411593374016221247e+01 5.129541592048543208e-01 4.493363645740717516e+02 5.794520547092778529e+00 2.548534975920173551e+01 1.000000000000000000e+03 1.000000000000000000e+00
1.005764496727695018e+03 3.307514209072059508e+00 4.443155738213732775e+01 9.797295825713252526e-01 8.768807422227091593e+02 2.358139987872588392e+02 1.934098271912201383e+01 1.000000000000000000e+03 1.000000000000000000e+00
1.228511140457886768e+03 3.184585440100605069e+00 4.466184567063783106e+01 1.354898621691896565e+00 1.210446391861017446e+03 2.249163350628129976e+01 2.004901806569685618e+01 1.000000000000000000e+03 1.000000000000000000e+00
5.869198526334818098e+02 2.949948590067420273e+00 4.396860657397370176e+01 6.446921667150432578e-01 5.703525134527480986e+02 1.492236405788078990e+01 1.232580891598324868e+01 1.000000000000000000e+03 1.000000000000000000e+00
1.069385283645071468e+03 1.435361792219386645e+00 4.429563580136238699e+01 1.160562065810602839e+00 1.039264208369820153e+03 5.593883773014791672e+01 9.139614890985919615e+00 1.000000000000000000e+03 1.000000000000000000e+00
1.422740647085123555e+03 2.159108530259036041e+00 4.459241635983295993e+01 1.585759499640371217e+00 1.408829690834067151e+03 2.170001303440871965e+01 1.427037424084204353e+01 1.000000000000000000e+03 1.000000000000000000e+00
3.196888240561460179e+02 6.684944994319575784e+00 4.343063909561593761e+01 2.618281472982889602e-01 2.223380197556754752e+02 7.573814293602207215e+01 4.710184209243902842e+01 1.000000000000000000e+03 1.000000000000000000e+00
1.259369118232606979e+03 4.165105354483586808e+01 4.386349884629793650e+01 2.237349444805811771e-01 1.887774256751992823e+02 1.262331468699053630e+03 4.778899675405713765e+01 1.000000000000000000e+03 1.000000000000000000e+00
5.148944651483013786e+02 9.600733262835428050e+00 4.428961799977734159e+01 5.270751066955298159e-01 4.622748508322912357e+02 6.846840844778486712e+01 1.188569469811386270e+01 1.000000000000000000e+03 1.000000000000000000e+00
1.594917429672166691e+03 1.411885412714415589e+00 4.453060461153909699e+01 1.443073577873631663e+00 1.286820044666997546e+03 7.051899362116687371e+02 4.751464450641945803e+01 1.000000000000000000e+03 1.000000000000000000e+00
7.239180505358631308e+02 1.427851170687665316e+00 4.372299496635953631e+01 7.369963837184585476e-01 6.552230857438702287e+02 9.906304307675890186e+01 2.025986234659960417e+01 1.000000000000000000e+03 1.000000000000000000e+00
1.489557688609871093e+03 1.351845410808162340e+00 4.446371878784012921e+01 1.362432933740599150e+00 1.217025589195465955e+03 6.038181317009015174e+02 4.002067545715634367e+01 1.000000000000000000e+03 1.000000000000000000e+00
4.312487921180474473e+02 3.274041733470784976e+01 4.397474761003303456e+01 2.686018337706110870e-01 2.283440337033592868e+02 2.496401145800556094e+02 7.765234025600598500e+00 1.000000000000000000e+03 1.000000000000000000e+00
1.178889010090740385e+03 2.317065777069415411e+00 4.451114588935963923e+01 1.284540668826535725e+00 1.148974288736290873e+03 6.364217203044529469e+01 4.699225500408038769e+00 1.000000000000000000e+03 1.000000000000000000e+00
1.307919683523190770e+03 3.005067396531883261e+00 4.446057005822370201e+01 1.240873868085162091e+00 1.110450606021687236e+03 4.413579922676300953e+02 1.145303260372798615e+00 1.000000000000000000e+03 1.000000000000000000e+00
9.820465568273160670e+02 3.012817446214134876e+01 4.410136934988490509e+01 3.085474734518746098e-01 2.639116185482553192e+02 8.944973064335456456e+02 4.521635264903721207e+01 1.000000000000000000e+03 1.000000000000000000e+00
8.985545703929740284e+02 2.972367852143272593e+00 4.419251111907995977e+01 9.773884593396978682e-01 8.747661437196607039e+02 1.711313576520587887e+01 2.992582460445247960e+01 1.000000000000000000e+03 1.000000000000000000e+00
1.292352309422163898e+03 1.098042235337863826e+00 4.428820640835662914e+01 1.329736115585832934e+00 1.188473703176113986e+03 1.940303864749297418e+02 4.797935413321300047e+01 1.000000000000000000e+03 1.000000000000000000e+00
8.120700729923195240e+02 5.328568720189232444e+00 4.454108508603106742e+01 8.687509216960090930e-01 7.759194447056788704e+02 3.015129098984473188e+01 3.740522894070490878e+01 1.000000000000000000e+03 1.000000000000000000e+00
1.154820364288929113e+03 1.396249251728666652e+00 4.432901555899641011e+01 1.260478267712314526e+00 1.127745980498964855e+03 3.957677028710976685e+01 2.162428588180678801e+01 1.000000000000000000e+03 1.000000000000000000e+00
9.248044954061343788e+02 2.746589625291705250e+00 4.428517622683010302e+01 8.345401566978516428e-01 7.446559810724920681e+02 3.028144863322296487e+02 2.767519738229572468e+01 1.000000000000000000e+03 1.000000000000000000e+00
1.083653939987205604e+03 2.668098251644021257e+00 4.445597422968477730e+01 1.191048459535053006e+00 1.066403906560632095e+03 3.045555077405674993e+01 7.340108392165206830e+00 1.000000000000000000e+03 1.000000000000000000e+00
1.018882181723259578e+03 1.473888920403439995e+00 4.399148622121383312e+01 1.030353623827579446e+00 9.226064521778943117e+02 1.936323824536343068e+02 1.841393915442063323e+00 1.000000000000000000e+03 1.000000000000000000e+00
4.077708069569436589e+02 8.931066465494360784e+00 4.394240109373107828e+01 4.212354456370051015e-01 3.655839863846703111e+02 5.173025123311334994e+01 8.227153502929922979e+00 1.000000000000000000e+03 1.000000000000000000e+00
1.326546791551396382e+03 1.203920823873001700e+00 4.421279425589402479e+01 1.386090099623093597e+00 1.237627019803280291e+03 1.873453914893225658e+02 2.482519553960255720e+01 1.000000000000000000e+03 1.000000000000000000e+00
1.112308951084437922e+03 4.957773938241791356e+00 4.445093736244928095e+01 9.465622718367747712e-01 8.467685426169313132e+02 4.872730674849254910e+02 2.961787328604931346e+01 1.000000000000000000e+03 1.000000000000000000e+00
1.162441636037047829e+03 1.450325774988486138e+00 4.432286832049575764e+01 1.256726670113702760e+00 1.124436249694141907e+03 7.734698301638458418e+01 8.420785951626324817e+00 1.000000000000000000e+03 1.000000000000000000e+00
7.007485928206227754e+02 5.044252496813731668e+00 4.435890356183676886e+01 7.578752071237707666e-01 6.743900076751709776e+02 4.094888024479664068e+01 5.386223077253982083e+00 1.000000000000000000e+03 1.000000000000000000e+00
4.441047872720487817e+02 1.861302262887869219e+01 4.390789458525748046e+01 3.227463440910721681e-01 2.766152458946698971e+02 1.822258864761332120e+02 3.932029205428506913e+01 1.000000000000000000e+03 1.000000000000000000e+00
1.721764611972503189e+03 2.949279670343306403e+00 4.466671487785428951e+01 1.405412260792700208e+00 1.254307566235670947e+03 1.123213918439324516e+03 1.212990769985883288e+00 1.000000000000000000e+03 1.000000000000000000e+00
1.216062678581752607e+03 2.252048630874264656e+00 4.444687602385352676e+01 1.278169267996299263e+00 1.143353317658393053e+03 1.261544130809627404e+02 3.948981847028578329e+01 1.000000000000000000e+03 1.000000000000000000e+00
1.284717408563055415e+03 1.490610160870657674e+00 4.434553165024885857e+01 1.369863975008880796e+00 1.223514607248928769e+03 1.266533245923975812e+02 1.838898941157745526e+01 1.000000000000000000e+03 1.000000000000000000e+00
1.472913971147658685e+03 1.008096498651363415e+00 4.435198468708598085e+01 1.631645364239832086e+00 1.447405015754810165e+03 2.595844441909904532e+01 4.117207978709119942e+01 1.000000000000000000e+03 1.000000000000000000e+00
6.274982100812695762e+02 4.837467535513553685e+00 4.414345971267515267e+01 6.641164193266011484e-01 5.882185734918290336e+02 2.885220487085386765e+01 3.651368332281604978e+01 1.000000000000000000e+03 1.000000000000000000e+00
6.871939378055587895e+02 4.424493036138309776e+01 4.461309975154124885e+01 3.748432363293877634e-01 3.235198943736918409e+02 4.879347603766968859e+02 1.206003846416539105e+01 1.000000000000000000e+03 1.000000000000000000e+00
1.491200683063328825e+03 2.073982875992659292e+00 4.432074417952457424e+01 1.196449640816804605e+00 1.071212164014285690e+03 9.036126029624404055e+02 1.887102885001193542e+01 1.000000000000000000e+03 1.000000000000000000e+00
1.185943707128712958e+03 1.316951581413335015e+00 4.413707868036047444e+01 1.235696292825668063e+00 1.105882850584116568e+03 1.350606980468240295e+02 4.393106213037761165e+01 1.000000000000000000e+03 1.000000000000000000e+00
7.721314426278072460e+02 8.987206768961927494e+00 4.463151454304038168e+01 7.963715354331226681e-01 7.097140344772936942e+02 8.400424843332788782e+01 2.812060688376605100e+01 1.000000000000000000e+03 1.000000000000000000e+00
1.784518300416092643e+03 3.232360776233667021e+00 4.454756245981878493e+01 1.194678426454373721e+00 1.069635387710007535e+03 1.523253363161608831e+03 4.568474279530143178e+01 1.000000000000000000e+03 1.000000000000000000e+00
1.467151808683042873e+03 1.071351039884624656e+00 4.437420894802609439e+01 1.413488397174674560e+00 1.261279579704109437e+03 4.958737314579057625e+02 9.965044832377367712e-01 1.000000000000000000e+03 1.000000000000000000e+00
1.277165119164390944e+03 1.224419694327750774e+00 4.369059712334107104e+01 6.770207656070852398e-01 6.000877846995846312e+02 1.104202654678989347e+03 3.127009514038491389e+01 1.000000000000000000e+03 1.000000000000000000e+00
1.009438266958334225e+03 1.414352146638309904e+01 4.440795248031980691e+01 5.982775232364733187e-01 5.276667983609457906e+02 7.642481464742852495e+02 5.756363121547142470e+00 1.000000000000000000e+03 1.000000000000000000e+00
1.480168054993450141e+03 1.062667127634642883e+00 4.439534838652705417e+01 1.640427073151250248e+00 1.454787622088467742e+03 3.614685528964259476e+01 3.086832688097154076e+01 1.000000000000000000e+03 1.000000000000000000e+00
9.262182005333379493e+02 1.760121979496352296e+00 4.383773307778823636e+01 7.273264563559991291e-01 6.463351171636873005e+02 4.830099473356302724e+02 4.395072552591194892e-01 1.000000000000000000e+03 1.000000000000000000e+00
8.021739763395121372e+02 1.612451523031474565e+01 4.470702863675623462e+01 6.465602186794769946e-01 5.720706610786606916e+02 3.295164076598752558e+02 4.936255743490485770e+01 1.000000000000000000e+03 1.000000000000000000e+00
2.901436381061229781e+02 1.853137192027048030e+01 4.370000527903673060e+01 2.316054183637767938e-01 1.956835653644914146e+02 1.041263123454944548e+02 1.221122506213548320e+01 1.000000000000000000e+03 1.000000000000000000e+00
7.484889278157019135e+02 5.292844181035456508e+00 4.443008354431518825e+01 8.138078067108187597e-01 7.256762893247764623e+02 1.514970651839930227e+01 2.622803526811294716e+01 1.000000000000000000e+03 1.000000000000000000e+00
1.458238628578329553e+03 9.036984684640685828e+00 4.467093837830277891e+01 7.921353361981345875e-01 7.058310148923902716e+02 1.322137012457601259e+03 2.627925925348589331e+01 1.000000000000000000e+03 1.000000000000000000e+00
1.587517939885109854e+03 1.084358570334658545e+00 4.443334864441177956e+01 1.721419624326695930e+00 1.522585437393172924e+03 1.662361763747964858e+02 1.047241016340273490e+01 1.000000000000000000e+03 1.000000000000000000e+00
3.387156292607402065e+03 1.566908811921391198e+00 4.446234522266099276e+01 1.469455940204874356e+00 1.309595562167320850e+03 5.093371670528509640e+03 3.707301639312624530e+01 1.000000000000000000e+03 1.000000000000000000e+00
8.520255306972076141e+02 3.930634584355409356e+00 4.437328819060167717e+01 9.350940673575323103e-01 8.363523687420488386e+02 2.118924509766666020e+01 9.139797618494899467e+00 1.000000000000000000e+03 1.000000000000000000e+00
6.863037218353115350e+02 4.819522959802970519e+00 4.424958228765865442e+01 6.518133154761698300e-01 5.769023754498898597e+02 1.721682193359759481e+02 8.542381354484419376e+00 1.000000000000000000e+03 1.000000000000000000e+00
7.227931672732700008e+02 1.040860300538708572e+01 4.435963395509116225e+01 6.330419977158235900e-01 5.596375607800307534e+02 2.363370867618518787e+02 3.010287080440437535e+01 1.000000000000000000e+03 1.000000000000000000e+00
1.161281563819768053e+03 3.740420967849849010e+00 4.472107799393423733e+01 1.237458011058051088e+00 1.107437071939118141e+03 9.734299794531084160e+01 2.313179176439933471e+01 1.000000000000000000e+03 1.000000000000000000e+00
1.157516716093900641e+03 1.062901935084133109e+00 4.400938488073717991e+01 1.184409670018460758e+00 1.060493901413380627e+03 1.657324141294720903e+02 4.620516047106508495e+01 1.000000000000000000e+03 1.000000000000000000e+00
1.092830262989027688e+03 1.141105274660862534e+00 4.405457056284575401e+01 1.091462466647990404e+00 9.775360118337514450e+02 1.967005438893970677e+02 4.443305502215007863e+01 1.000000000000000000e+03 1.000000000000000000e+00
1.983906808522136771e+03 1.509719202452013631e+00 4.474498435914668448e+01 2.099123466866297250e+00 1.829420525162405056e+03 4.416043434980638835e+02 3.716772257103679067e+01 1.000000000000000000e+03 1.000000000000000000e+00
7.104797224898231889e+02 2.067764745309824903e+00 4.401401348153408577e+01 7.570257445241866945e-01 6.736104437784237007e+02 4.958190049141173716e+01 1.519837138655479869e+01 1.000000000000000000e+03 1.000000000000000000e+00
8.683394080884798996e+02 4.931492152674549878e+00 4.450341354831867591e+01 8.485779995133819753e-01 7.575071016453308630e+02 1.681690798974559584e+02 3.671308342867452978e+01 1.000000000000000000e+03 1.000000000000000000e+00
1.432124926341362652e+03 1.092065691701318730e+00 4.453477567983196650e+01 1.543216568606509354e+00 1.372575440526940383e+03 1.480582889506624724e+02 3.388950024574788333e+00 1.000000000000000000e+03 1.000000000000000000e+00
1.588642452492775192e+03 1.539535743277598012e+00 4.468710532075178321e+01 1.729848365856788472e+00 1.529565480393481039e+03 1.453264534052412671e+02 1.594472233978397391e+01 1.000000000000000000e+03 1.000000000000000000e+00
1.523570193543913547e+03 1.788638466611187861e+00 4.461218153943997322e+01 1.705609007926151000e+00 1.509492286779505548e+03 3.750020996116334260e+01 5.891013933634225985e-01 1.000000000000000000e+03 1.000000000000000000e+00
1.158235476714410197e+03 1.680968160639435105e+00 4.401062542599891003e+01 8.323558377911057793e-01 7.426563187305640668e+02 7.507855300721132608e+02 1.070336612389921527e+01 1.000000000000000000e+03 1.000000000000000000e+00
9.267929911269982313e+02 6.497026369950635427e+00 4.472882964391949656e+01 9.854955040837987124e-01 8.820887589705059781e+02 4.788030040707339197e+01 4.087975155316046028e+01 1.000000000000000000e+03 1.000000000000000000e+00
3.868442365081245953e+03 2.973380587332709268e+00 4.451175555674303297e+01 1.138296554480081157e+00 1.019442931276956301e+03 6.053850291546498738e+03 3.815538147291558602e+01 1.000000000000000000e+03 1.000000000000000000e+00
8.122171548843975870e+02 1.106024639615899918e+00 4.376896750806731973e+01 8.704464866376779852e-01 7.774663557432086236e+02 4.467702541984427000e+01 2.032248474164416052e+01 1.000000000000000000e+03 1.000000000000000000e+00
1.242308547464056119e+03 1.532031263012386235e+00 4.424859924859597982e+01 1.171270370221742629e+00 1.048796990517831091e+03 3.877581738880114131e+02 3.240773600480426353e+01 1.000000000000000000e+03 1.000000000000000000e+00
1.078165472507997492e+03 2.985045731659174528e+00 4.444857552525294153e+01 1.040292502673445085e+00 9.315836551057547013e+02 2.498722860335281837e+02 4.919749704051577766e+01 1.000000000000000000e+03 1.000000000000000000e+00
1.534361523705311129e+03 1.363624850371535135e+00 4.462818612141702346e+01 1.699126306481404614e+00 1.504123806244073648e+03 7.905531074536169456e+01 2.560107902216790521e+00 1.000000000000000000e+03 1.000000000000000000e+00
2.314246910802005914e+03 1.360402635117736203e+01 4.440373445142544995e+01 5.942584893750547659e-01 5.239732048443308940e+02 2.821181533324657266e+03 3.297752070330616192e+01 1.000000000000000000e+03 1.000000000000000000e+00
1.169000167096586210e+03 3.871783447259499855e+00 4.471603988365458093e+01 1.124912722812945853e+00 1.007528332411451174e+03 3.277335136092696075e+02 1.538004228912228122e+01 1.000000000000000000e+03 1.000000000000000000e+00
1.372703670088778154e+03 1.298239527833003448e+00 4.442374315798143414e+01 1.523596949389571797e+00 1.355851296223158442e+03 4.077777223043913324e+01 1.750827046811231913e+00 1.000000000000000000e+03 1.000000000000000000e+00
2.300631021979642355e+03 1.592468742368389867e+00 4.459445330363272575e+01 1.692789846007535459e+00 1.498807953715955136e+03 2.132628071028998420e+03 2.651294548606493251e+01 1.000000000000000000e+03 1.000000000000000000e+00
4.220944357550912969e+02 2.996432172627656954e+01 4.439169227752768165e+01 4.551144555964277139e-01 3.964383578727357644e+02 3.181015497183679130e+01 5.522374828686499093e+00 1.000000000000000000e+03 1.000000000000000000e+00
1.380897864735053190e+03 1.650132799638628578e+00 4.422246154679196906e+01 1.171893907070216123e+00 1.049352077552111950e+03 6.717992040403986493e+02 4.828307105703032676e+01 1.000000000000000000e+03 1.000000000000000000e+00
6.067269461857488295e+02 1.285323761266389297e+01 4.449396680832277440e+01 5.670690598869249088e-01 4.989854331706758330e+02 1.555898131193321490e+02 1.324857839199324872e+01 1.000000000000000000e+03 1.000000000000000000e+00
1.311931086718089318e+03 4.312629355787269247e+00 4.470159000493222834e+01 1.274577354234981197e+00 1.140184462974057851e+03 3.897101628854975957e+02 9.408181489920508511e-01 1.000000000000000000e+03 1.000000000000000000e+00
3.002709934054230416e+02 2.063605246047362840e+01 4.401215475731738991e+01 2.973634263891530294e-01 2.539223244668507959e+02 1.495976593405071320e+01 4.517130200867185152e+01 1.000000000000000000e+03 1.000000000000000000e+00
1.041126644436719744e+03 1.855310174876462437e+00 4.421658967759390180e+01 1.033746231950115613e+00 9.256707949516654708e+02 1.972560154076511481e+02 3.755188343917746607e+01 1.000000000000000000e+03 1.000000000000000000e+00
1.183766152727290773e+03 1.495342788617094465e+00 4.435741015439954538e+01 1.311013429548115061e+00 1.172124467137465899e+03 1.044368794556009306e+01 1.646040379510174745e+01 1.000000000000000000e+03 1.000000000000000000e+00
1.154768357039786224e+03 4.975412305316391226e+00 4.471482462546537562e+01 1.215343898568808534e+00 1.087927581008094648e+03 1.071297290851352102e+02 4.094557627227677443e+01 1.000000000000000000e+03 1.000000000000000000e+00
1.250830709885695796e+03 1.540010380938237944e+00 4.418204141313777455e+01 1.167974827360744428e+00 1.045863221459057741e+03 4.006619947157560091e+02 4.370236062054983250e+01 1.000000000000000000e+03 1.000000000000000000e+00
1.464929136721058057e+03 1.123428305834837770e+00 4.429242366753157256e+01 1.575016880539523934e+00 1.399682643770410323e+03 1.586613906249304193e+02 9.349430118990392558e+00 1.000000000000000000e+03 1.000000000000000000e+00
1.399973083009459970e+03 1.404705670778077176e+00 4.456483503888312470e+01 1.447386103857961626e+00 1.290542986903690007e+03 2.321208439111028383e+02 3.569685264199956976e+01 1.000000000000000000e+03 1.000000000000000000e+00
5.911907523664132214e+02 4.530632739444935275e+00 4.409405508697200560e+01 5.904525964414427674e-01 5.204754932177962701e+02 7.168930790645970319e+01 4.077995961448765172e+01 1.000000000000000000e+03 1.000000000000000000e+00
1.256510308255465134e+03 1.116612071540738826e+00 4.418460179542717015e+01 1.379782994849775957e+00 1.232176206141530656e+03 3.931437211962030176e+01 1.859551028605912038e+01 1.000000000000000000e+03 1.000000000000000000e+00
1.870157712560566779e+03 2.477543556189946372e+00 4.404576368201556136e+01 8.531144281231964888e-01 7.616538368828131524e+02 2.023190810981109507e+03 3.099371466781802908e+01 1.000000000000000000e+03 1.000000000000000000e+00
1.270758231935472168e+03 1.804423186998758588e+00 4.464100813273964263e+01 1.402405879001250799e+00 1.251712199670534801e+03 3.089796986162886228e+01 1.485833002330412356e+01 1.000000000000000000e+03 1.000000000000000000e+00
1.366639596631269114e+03 2.242793891444437637e+00 4.465506164642101794e+01 1.504562133476678554e+00 1.339625649608756476e+03 5.817246166610934921e+01 9.485647122221013916e+00 1.000000000000000000e+03 1.000000000000000000e+00
1.480662113737624168e+03 1.436287348607971248e+00 4.429416375786765769e+01 1.154092057325886378e+00 1.033504456030651909e+03 9.278623775492814048e+02 3.535638128975524097e+01 1.000000000000000000e+03 1.000000000000000000e+00
1.126248583723132697e+03 1.204181707976592630e+00 4.406509323681622448e+01 1.169447278688223069e+00 1.047174031946832201e+03 1.267196466133426043e+02 4.482842455124344383e+01 1.000000000000000000e+03 1.000000000000000000e+00
7.877339612422590562e+02 2.520573314780667040e+00 4.414454743946672721e+01 7.730049159964453853e-01 6.882747564695397386e+02 1.357596420869457177e+02 4.058201691618272378e+01 1.000000000000000000e+03 1.000000000000000000e+00
1.499639946596706523e+03 1.355897589021834548e+00 4.446228894772334428e+01 1.581584612775550625e+00 1.405281106230328533e+03 1.983454518908241084e+02 4.524987847836177224e+01 1.000000000000000000e+03 1.000000000000000000e+00
7.011455365987816322e+02 1.857149330276663290e+00 4.379139986642959315e+01 7.116841632290815678e-01 6.319577382421257425e+02 1.080929314027633410e+02 1.033472733301163338e+01 1.000000000000000000e+03 1.000000000000000000e+00
1.016488831509475403e+03 6.178286479741887938e+00 4.464913444083410354e+01 1.042491569818185804e+00 9.335699427259665981e+02 1.319164905563455363e+02 3.744464076266296360e+01 1.000000000000000000e+03 1.000000000000000000e+00
8.322926873465228255e+02 1.326694205590210229e+00 4.379605356291614271e+01 8.640084558951778293e-01 7.715927613023329741e+02 1.131147387955671491e+02 3.043662301461802500e-02 1.000000000000000000e+03 1.000000000000000000e+00
7.816337618494509343e+02 2.322247217285954957e+00 4.420160222527411520e+01 8.354313530892457651e-01 7.454718380692105484e+02 2.005912665470334133e+01 4.631360203957338939e+01 1.000000000000000000e+03 1.000000000000000000e+00
