#DMe S logL Z DMi DMh DMs dnu thres
2.302162342279651739e+02 2.826683143651742558e+00 4.261765280833858327e+01 1.979016519509745331e-01 1.662017310476316538e+02 3.948211446562624616e+01 3.720096464291620464e+01 1.000000000000000000e+03 1.000000000000000000e+00
4.469538300419616235e+02 1.094125486599001329e+00 4.318838747040047110e+01 4.589255720416293149e-01 3.999157162193338877e+02 3.759680340852605696e+01 3.102830370791037140e+01 1.000000000000000000e+03 1.000000000000000000e+00
3.252750930325636318e+02 1.022213934680881176e+00 4.250556595792441072e+01 2.588607051941389514e-01 2.197159245660205329e+02 1.155272390586853106e+02 1.735705019681403982e+01 1.000000000000000000e+03 1.000000000000000000e+00
3.147509044474468851e+02 1.473083724926187665e+00 4.282409535467011352e+01 3.047250246989647859e-01 2.604917011659755417e+02 5.197961042062741654e+01 1.881372992093643504e+01 1.000000000000000000e+03 1.000000000000000000e+00
3.666279724657679822e+02 3.286886317141068936e+00 4.297476027446668212e+01 2.536221554907377440e-01 2.150870302199953983e+02 1.879078032925547177e+02 2.067279370688096307e+00 1.000000000000000000e+03 1.000000000000000000e+00
4.577176544462130892e+02 2.127896299565353644e+00 4.358156992636778426e+01 4.798334016835491544e-01 4.190205323355800715e+02 1.566760548980746925e+01 4.159768835853427760e+01 1.000000000000000000e+03 1.000000000000000000e+00
3.340295955281348483e+02 3.007369308134490105e+00 4.302665336407149255e+01 3.153597888989340126e-01 2.700065481384129953e+02 7.108944580956661241e+01 1.312389628964441002e+01 1.000000000000000000e+03 1.000000000000000000e+00
7.751603679835535843e+01 2.895867903097560703e+00 4.120478846618482294e+01 4.197393512096092572e-02 3.408169888784957635e+01 6.878960710536135892e+00 3.837848728144711430e+01 1.000000000000000000e+03 1.000000000000000000e+00
3.070667591756309776e+02 3.904511863401525673e+00 4.330624359317471317e+01 3.432857662553658873e-01 2.950626508430880222e+02 1.532580111280666380e+01 7.991467468857316181e-01 1.000000000000000000e+03 1.000000000000000000e+00
3.637293827195401263e+02 2.176666774734635101e+00 4.314040901718077947e+01 3.362869022724497281e-01 2.887756074217002720e+02 9.976222964649623748e+01 3.975185598794117592e-01 1.000000000000000000e+03 1.000000000000000000e+00
9.223506122377211796e+02 1.155310693057134630e+00 4.307781838811643382e+01 4.411410543387019878e-01 3.837060883527952342e+02 7.502719986588832626e+02 2.599073840640701150e+01 1.000000000000000000e+03 1.000000000000000000e+00
2.573327073547914665e+02 1.227231864752513557e+00 4.280769934458901105e+01 2.809994626731606715e-01 2.393447419549222843e+02 8.017087381515054290e+00 1.502548663030073861e+01 1.000000000000000000e+03 1.000000000000000000e+00
2.994782695091930691e+02 1.913251973237185988e+00 4.290473659597009970e+01 2.666460259853635772e-01 2.266085993706524846e+02 6.506455185057724577e+01 2.723552624526953281e+01 1.000000000000000000e+03 1.000000000000000000e+00
2.726615018227513474e+02 1.953384130914233685e+00 4.274346390465376544e+01 2.518888384402248048e-01 2.135554342727852770e+02 5.603279993164143491e+01 1.796142631825502889e+01 1.000000000000000000e+03 1.000000000000000000e+00
2.150415560371797028e+02 1.397964178912757705e+00 4.242071386135272348e+01 1.803478147114396801e-01 1.509627436460189642e+02 2.887537932645276584e+01 4.675990684875813486e+01 1.000000000000000000e+03 1.000000000000000000e+00
2.755028402314860614e+02 1.124881127755060994e+00 4.240516981661283324e+01 2.623219224459979459e-01 2.227743300168826863e+02 1.897821547273936815e+01 4.758213890907224197e+01 1.000000000000000000e+03 1.000000000000000000e+00
2.956648436696256113e+02 1.795735432542294951e+00 4.283930657036303558e+01 2.461071677523165580e-01 2.084466266307653370e+02 1.060742235702755210e+02 2.609021840425496119e+00 1.000000000000000000e+03 1.000000000000000000e+00
2.427770484366908761e+02 2.273658066008424683e+00 4.268601041612473779e+01 2.422633023440562416e-01 2.050619018858416780e+02 3.723029251186764554e+01 9.621849990780317441e+00 1.000000000000000000e+03 1.000000000000000000e+00
1.623755901292976205e+02 1.525754421545747919e+00 4.180490547536375345e+01 1.124494482396805051e-01 9.282485376800808297e+01 3.249115540209392350e+01 4.488052288768612641e+01 1.000000000000000000e+03 1.000000000000000000e+00
1.545126002852377951e+02 1.570505045711174219e+00 4.208838214190307525e+01 1.610673773670608933e-01 1.343137726736084403e+02 5.685333520119651318e+00 1.776686628080421571e+01 1.000000000000000000e+03 1.000000000000000000e+00
2.907916751899927590e+02 1.547373322912898752e+00 4.285898797833526430e+01 3.060905566312153159e-01 2.617134327556029803e+02 2.572828369289467432e+01 1.225053415409491109e+01 1.000000000000000000e+03 1.000000000000000000e+00
5.254183805952695963e+01 1.937327506249798548e+00 4.126977142647454855e+01 4.457774110255585676e-02 3.621935107781786911e+01 1.324852980691590076e+01 3.801576773613657423e+00 1.000000000000000000e+03 1.000000000000000000e+00
3.299443810613809092e+02 1.898900563515138362e+00 4.306940055137450685e+01 3.223865853771662460e-01 2.762933723631603016e+02 6.500807423707769317e+01 5.939299957402860208e+00 1.000000000000000000e+03 1.000000000000000000e+00
4.623953122410630954e+02 1.237464360190269508e+00 4.325696837997553246e+01 4.891509298438037057e-01 4.275345514953069141e+02 2.954063385431880207e+01 2.237230042528635821e+01 1.000000000000000000e+03 1.000000000000000000e+00
1.849778457778630525e+02 2.230700878976565882e+00 4.256688907243108133e+01 1.818815402291880101e-01 1.522907488155642568e+02 2.471239765946600642e+01 1.391987884395651776e+01 1.000000000000000000e+03 1.000000000000000000e+00
2.290449892175985838e+02 1.149137508733359425e+01 4.342452794499576640e+01 2.004597455271991402e-01 1.684286361254090991e+02 2.286919092125991781e+01 4.989830088657671325e+01 1.000000000000000000e+03 1.000000000000000000e+00
3.657355820759876224e+02 2.101740795070824230e+00 4.302641180746697103e+01 3.508917752297274761e-01 3.019096154309623898e+02 4.867488530624273579e+01 3.754708808060880187e+01 1.000000000000000000e+03 1.000000000000000000e+00
2.656768338861295433e+02 1.859714700683997135e+00 4.275656247886688277e+01 2.891741372040899094e-01 2.466254701285467661e+02 2.038304141882787235e+01 4.177484015915144511e+00 1.000000000000000000e+03 1.000000000000000000e+00
1.976046185094897396e+02 1.131807230980154566e+00 4.226837103219458669e+01 2.110499611986336177e-01 1.776712100132905050e+02 5.458941908604351134e+00 1.868141167727423024e+01 1.000000000000000000e+03 1.000000000000000000e+00
3.625280386503627028e+02 2.139408755455339595e+00 4.309213888038279094e+01 3.649748248903351699e-01 3.146095817885867518e+02 2.150272800661418771e+01 4.390475925730351747e+01 1.000000000000000000e+03 1.000000000000000000e+00
4.903761336104543034e+02 1.373629560180648745e+00 4.279039496933257425e+01 3.006886299351955172e-01 2.568851610906862675e+02 2.612358779571574701e+02 4.246317519181605604e+01 1.000000000000000000e+03 1.000000000000000000e+00
6.331294960919009327e+02 1.155599195239942256e+00 4.347888791101453876e+01 6.590805906677116299e-01 5.835866988769309955e+02 6.993507208272036735e+01 1.226042118402263981e+01 1.000000000000000000e+03 1.000000000000000000e+00
3.128885674947833309e+02 2.608559605154058048e+00 4.309495594001791829e+01 3.383454689238717394e-01 2.906248072282548947e+02 8.206138265934212583e+00 2.159046440798143607e+01 1.000000000000000000e+03 1.000000000000000000e+00
3.486586767670791573e+02 1.209048265726665239e+00 4.303248947808130964e+01 3.600605226280385596e-01 3.101779086136396018e+02 3.447717173161571225e+01 1.785900191427965922e+01 1.000000000000000000e+03 1.000000000000000000e+00
5.444483854581214928e+02 1.160689796009108044e+00 4.284391403883552840e+01 3.808396379367675610e-01 3.289474591096134191e+02 2.484499308575394423e+02 4.912229025657243398e+01 1.000000000000000000e+03 1.000000000000000000e+00
4.811736536790373293e+02 1.169051487801285871e+00 4.255725361808395490e+01 2.805423945768088512e-01 2.389391746630969067e+02 2.808805200784896101e+02 2.931099972964847922e+01 1.000000000000000000e+03 1.000000000000000000e+00
1.917936784294745109e+02 1.363675950635578227e+00 4.230997183358446279e+01 1.946034839015448048e-01 1.633347615523162517e+02 3.012108950454657830e+01 3.876031744971148107e+00 1.000000000000000000e+03 1.000000000000000000e+00
6.716973212288436343e+02 1.026361598435871825e+00 4.306446171694310010e+01 5.216099354743424232e-01 4.572648536243627859e+02 2.803586385643674816e+02 4.592393463089056382e+01 1.000000000000000000e+03 1.000000000000000000e+00
2.993369773110215419e+02 4.263697878877060532e+00 4.336395982687127315e+01 2.865812066177536588e-01 2.443151063875350530e+02 6.955740871533100744e+01 1.232696367774549495e+00 1.000000000000000000e+03 1.000000000000000000e+00
7.594232444777712772e+02 1.142994923789583783e+00 4.315166499772609399e+01 5.320248709851643776e-01 4.668175114446121938e+02 4.391761442083325733e+02 9.103116191312238925e+00 1.000000000000000000e+03 1.000000000000000000e+00
4.542377349792579935e+02 2.539923032983156137e+00 4.287991243650828466e+01 2.679127883026939383e-01 2.277326274236424695e+02 2.385419962088803345e+02 4.864672627676169725e+01 1.000000000000000000e+03 1.000000000000000000e+00
2.096825437466412723e+02 1.014624862075160561e+00 4.239873877424152226e+01 2.033262986877517609e-01 1.709304104246249381e+02 2.810050184989864164e+01 1.853095930673758218e+01 1.000000000000000000e+03 1.000000000000000000e+00
6.217288713872003427e+02 1.149839178283163399e+00 4.335535851639007632e+01 6.195783287668330530e-01 5.472546867119184526e+02 9.032528806425268897e+01 3.029148748841275562e+01 1.000000000000000000e+03 1.000000000000000000e+00
5.987368917050835080e+02 1.516053012588536530e+00 4.347838075440721184e+01 6.318846129356743280e-01 5.585730849647655987e+02 3.661867653091211849e+01 2.892402168553477182e+01 1.000000000000000000e+03 1.000000000000000000e+00
3.088865841232959042e+02 1.545024463990945618e+00 4.255602628902476425e+01 2.224512191380679793e-01 1.876524812000567692e+02 1.258679298667646407e+02 2.233484705285906458e+01 1.000000000000000000e+03 1.000000000000000000e+00
2.285393500769847606e+02 2.358272959749148523e+00 4.259178689211590552e+01 1.862214966500348456e-01 1.560486253093929463e+02 6.416192833267444939e+01 2.182812769438408651e+01 1.000000000000000000e+03 1.000000000000000000e+00
3.226401069244155337e+02 1.416829259624493575e+00 4.280322941629039946e+01 3.250103223073830261e-01 2.786459137945370799e+02 3.745714609324041078e+01 2.083561392543311541e+01 1.000000000000000000e+03 1.000000000000000000e+00
2.405523864023122087e+02 1.923374957525293416e+00 4.271477210071495278e+01 2.132079347116082602e-01 1.795545738899638195e+02 6.231634712931656139e+01 1.168668301071550886e+01 1.000000000000000000e+03 1.000000000000000000e+00
2.504433084174733040e+02 4.183147815836989913e+00 4.306144474906813713e+01 2.331435354184145936e-01 1.970370215828469895e+02 6.293220179009821891e+01 2.925415570722806002e+00 1.000000000000000000e+03 1.000000000000000000e+00
5.670515834015224073e+02 3.173503720222230484e+00 4.323721072058796011e+01 3.463801632104135386e-01 2.978423316694168648e+02 3.270718437027896357e+02 3.538615258203588354e+01 1.000000000000000000e+03 1.000000000000000000e+00
3.578433402965364962e+02 2.273202936206195179e+00 4.276381062002369049e+01 2.750244736276887814e-01 2.340429933857258504e+02 1.152424893484492969e+02 4.260598280643232272e+01 1.000000000000000000e+03 1.000000000000000000e+00
1.211745033767988957e+02 1.789298492780447836e+00 4.166233501223429414e+01 7.074163725194082541e-02 5.784270540814843997e+01 3.730822623529327586e+01 3.050376681176865645e+01 1.000000000000000000e+03 1.000000000000000000e+00
3.740089591946382370e+02 1.316329273701968061e+00 4.305746537949292474e+01 4.050193294283932488e-01 3.508551453523658665e+02 1.603850411692994626e+01 1.649305188144940360e+01 1.000000000000000000e+03 1.000000000000000000e+00
5.738759840350317063e+02 3.356402948350731386e+00 4.254170504235275274e+01 1.843733876746452838e-01 1.544483619288570821e+02 4.494121297525817909e+02 4.734678392562917537e+01 1.000000000000000000e+03 1.000000000000000000e+00
2.195847156165177694e+02 1.036365145720768055e+01 4.305673274150856145e+01 1.891968262135175216e-01 1.586349638370764694e+02 4.198573939927280918e+01 3.049551197534046665e+01 1.000000000000000000e+03 1.000000000000000000e+00
7.438072299763143747e+01 7.542933556545482077e+01 4.298447347463769574e+01 5.420385681457073890e-02 4.414487642005234846e+01 1.116377674292104949e+01 2.071096933321647171e+01 1.000000000000000000e+03 1.000000000000000000e+00
3.415002502925411250e+02 1.831276536869615557e+00 4.278140988645885301e+01 3.094124889869188655e-01 2.646855417204072296e+02 6.657745414419210306e+01 3.400468459805056654e+01 1.000000000000000000e+03 1.000000000000000000e+00
5.077213659845748452e+02 2.306673332989603864e+00 4.370789661132039328e+01 5.415968552633412259e-01 4.756022279316752588e+02 4.629204981079678305e+01 3.222712405322342377e+00 1.000000000000000000e+03 1.000000000000000000e+00
6.107268352384014634e+02 1.561908121578631681e+00 4.295612861222979006e+01 3.724870881876899409e-01 3.213872576018739551e+02 3.596033193079535977e+02 3.751151509986019050e+01 1.000000000000000000e+03 1.000000000000000000e+00
3.533965848960887683e+02 1.083963582945928428e+00 4.273991086116137694e+01 3.649337065444446804e-01 3.145725016374778420e+02 2.186299893862825883e+01 3.112930092673766325e+01 1.000000000000000000e+03 1.000000000000000000e+00
2.547246408254148662e+02 5.657672449260935821e+00 4.303320662180095724e+01 2.340085047038227284e-01 1.977981457472870375e+02 6.114472968485660687e+01 9.103049384533445476e+00 1.000000000000000000e+03 1.000000000000000000e+00
6.794261621285907040e+02 2.119851256682686813e+00 4.370165670033068039e+01 7.026368987277901157e-01 6.236420808840098289e+02 7.315678787524721827e+01 2.182324721340501128e+01 1.000000000000000000e+03 1.000000000000000000e+00
3.388567458042583667e+02 3.507659862156562447e+00 4.305327773926804724e+01 2.772472784591364370e-01 2.360153404887990689e+02 1.028471092396960671e+02 2.850679581238726001e+01 1.000000000000000000e+03 1.000000000000000000e+00
2.391931694489728102e+02 3.861319801245095551e+00 4.282438502925629820e+01 2.084177818104517854e-01 1.753739846086133980e+02 3.439544036974386643e+01 4.272479741199448000e+01 1.000000000000000000e+03 1.000000000000000000e+00
2.908137157729861997e+02 4.711101170082839573e+00 4.291279054392547465e+01 1.969029125477862463e-01 1.653335656419284874e+02 1.440586025185620258e+02 6.128954640234446138e+00 1.000000000000000000e+03 1.000000000000000000e+00
4.327931521430188013e+02 1.346748372681152661e+00 4.297961016270776469e+01 3.794974331369330711e-01 3.277325799342424943e+02 1.400171808688519377e+02 4.913608817052411482e+00 1.000000000000000000e+03 1.000000000000000000e+00
4.316750591188459225e+02 1.186638817700755855e+00 4.302025544208503760e+01 4.420840997772395031e-01 3.845653715345739556e+02 5.060247867315314352e+01 1.733365273759873304e+01 1.000000000000000000e+03 1.000000000000000000e+00
4.787950797527310556e+02 1.233795790618127608e+00 4.323395491174110106e+01 5.120951852904132018e-01 4.485495645155792204e+02 3.820914029174318927e+01 7.524957674981908262e+00 1.000000000000000000e+03 1.000000000000000000e+00
2.835884885763985039e+02 3.596673699700242643e+00 4.318367771526830978e+01 2.967661479367590394e-01 2.533901349485620074e+02 1.225725136028990647e+01 2.690295134771166730e+01 1.000000000000000000e+03 1.000000000000000000e+00
3.488874607429423804e+02 1.131916431063207940e+00 4.293974275290401721e+01 3.740995761291726618e-01 3.228467800390502020e+02 2.977259292791165279e+01 6.009895389421698653e+00 1.000000000000000000e+03 1.000000000000000000e+00
6.632519359965344847e+02 1.195722222420028569e+00 4.345955657366922509e+01 7.076816255531219735e-01 6.282788658192537241e+02 4.475448981331691556e+01 1.496837951760534047e+01 1.000000000000000000e+03 1.000000000000000000e+00
4.544504364331985471e+02 2.349457416951354904e+00 4.311801072659908129e+01 3.802487182126341736e-01 3.284125958255199293e+02 1.299163472592483402e+02 4.404722068578840322e+01 1.000000000000000000e+03 1.000000000000000000e+00
3.689968285130755135e+02 1.913841952649983247e+00 4.329304759221295740e+01 3.817040837438276935e-01 3.297299009615301770e+02 3.085141080017972826e+01 2.340386335386345706e+01 1.000000000000000000e+03 1.000000000000000000e+00
5.213177796889506226e+02 2.315596232212079109e+00 4.288500853724905681e+01 2.862187478352273828e-01 2.439921468632143444e+02 3.098332835343252896e+02 4.686814466140533142e+01 1.000000000000000000e+03 1.000000000000000000e+00
4.809121547191833201e+02 1.057963313653709214e+00 4.300391778018506272e+01 4.787977022393997695e-01 4.180741477623815854e+02 6.705861007755876813e+01 2.586609022346307185e+01 1.000000000000000000e+03 1.000000000000000000e+00
4.664441507106656672e+02 4.322832539619415826e+00 4.332649813029846797e+01 3.643699999917638932e-01 3.140641561848133847e+02 2.032066024327396860e+02 4.696090697242438772e+00 1.000000000000000000e+03 1.000000000000000000e+00
2.853080168101429308e+02 2.738027476206386979e+00 4.308462491740006328e+01 3.172997551563443430e-01 2.717422219835373198e+02 1.170375666210046361e+01 6.166461541488316378e+00 1.000000000000000000e+03 1.000000000000000000e+00
2.834586172257298244e+02 4.177924910923817237e+00 4.313377305626136859e+01 2.965134766958948953e-01 2.531649987739320125e+02 2.651824646475661140e+01 1.275783811588268613e+01 1.000000000000000000e+03 1.000000000000000000e+00
7.019826023439497931e+02 1.181648237511470301e+00 4.349716903078139296e+01 7.163652660068277056e-01 6.362603035923822290e+02 9.487338307097306256e+01 1.793008770834141430e+01 1.000000000000000000e+03 1.000000000000000000e+00
1.536110002222021933e+02 3.562585324721041058e+00 4.243099595196471796e+01 1.525564115073192450e-01 1.269994479036395916e+02 9.893220148656528323e+00 2.077809509626525397e+01 1.000000000000000000e+03 1.000000000000000000e+00
1.733909967367341665e+02 1.353029386266811906e+00 4.222149851319856850e+01 1.854062506293396861e-01 1.553426858006276916e+02 7.226062547861908492e+00 1.416851804910059265e+01 1.000000000000000000e+03 1.000000000000000000e+00
2.381177472961699380e+02 1.369321029653379540e+00 4.254331613575653392e+01 2.252937334217565146e-01 1.901434118010596706e+02 2.587432755409200524e+01 3.290832509313953125e+01 1.000000000000000000e+03 1.000000000000000000e+00
3.644869924207728218e+02 1.828477802502046279e+00 4.325187657421815857e+01 3.765276601039168058e-01 3.250445285922755829e+02 3.031450508040119374e+01 2.397913736217345715e+01 1.000000000000000000e+03 1.000000000000000000e+00
2.367573183799157164e+02 1.643754734242909299e+00 4.262527376701504522e+01 2.324665426309144856e-01 1.964413061298123182e+02 2.170669028091949926e+01 2.798144594963101284e+01 1.000000000000000000e+03 1.000000000000000000e+00
1.621485694835191680e+02 1.913824774666749384e+00 4.198857869691261158e+01 1.188670204495703153e-01 9.826002492510900765e+01 3.660812603629996431e+01 3.487465945462800221e+01 1.000000000000000000e+03 1.000000000000000000e+00
4.590528966554128942e+02 1.006581143671781753e+00 4.302597835293522621e+01 4.563548936628643027e-01 3.975686189661780645e+02 6.733598909803211541e+01 2.220693959801149475e+01 1.000000000000000000e+03 1.000000000000000000e+00
3.698173393251257721e+02 1.340409009097273119e+00 4.303036065744149141e+01 3.450666360898406726e-01 2.966623970311140965e+02 5.298936532067006766e+01 4.540890682408267054e+01 1.000000000000000000e+03 1.000000000000000000e+00
1.265486399902548840e+02 5.102228590654774187e+00 4.226763479332590379e+01 8.369506269178117464e-02 6.864323409376787311e+01 3.399540260897190080e+01 2.875639986421461458e+01 1.000000000000000000e+03 1.000000000000000000e+00
2.920664666650466188e+02 1.417818040192369677e+00 4.253088360069125429e+01 2.409614103998947154e-01 2.039163104354774987e+02 9.204048191385777500e+01 1.735046028775940030e+01 1.000000000000000000e+03 1.000000000000000000e+00
8.654832369797655929e+02 1.080291351432634439e+00 4.382059513507303450e+01 8.980234307219540080e-01 8.026255685441775540e+02 7.231666955484031689e+01 4.698865793645757805e+01 1.000000000000000000e+03 1.000000000000000000e+00
2.329695518253152215e+02 1.252315953526613335e+01 4.355253948216163451e+01 2.317469802891710673e-01 1.958081318710713106e+02 4.054290084639631431e+01 5.230565965501376979e+00 1.000000000000000000e+03 1.000000000000000000e+00
6.741928183098031013e+02 1.857163235199552842e+00 4.366542501332639148e+01 6.960348290555036233e-01 6.175738876482193973e+02 5.142376449019065632e+01 4.460391389573381815e+01 1.000000000000000000e+03 1.000000000000000000e+00
3.588575301342674493e+02 1.846203803315748848e+00 4.304702339287064916e+01 3.876530965082704006e-01 3.351145723041065025e+02 1.017628799900693082e+01 2.277070095428122443e+01 1.000000000000000000e+03 1.000000000000000000e+00
3.081541806619919726e+02 2.255623986125149028e+00 4.294768791532469265e+01 3.303109489754342265e-01 2.834074393941129415e+02 2.123449928736210524e+01 1.168636157275960130e+01 1.000000000000000000e+03 1.000000000000000000e+00
3.206592556127275202e+02 2.552237580795376992e+00 4.294144683718486988e+01 2.326900934387093889e-01 1.966380182266037195e+02 1.262374617239666890e+02 2.664228897791860007e+01 1.000000000000000000e+03 1.000000000000000000e+00
1.266502150129749680e+02 3.349340832005258228e+00 4.181080639602676285e+01 7.288793430723805589e-02 5.962895317073732571e+01 5.330907657241269249e+01 1.859722660017014562e+01 1.000000000000000000e+03 1.000000000000000000e+00
5.350931122286571053e+02 1.079019413710898601e+00 4.326792333595640372e+01 5.352659010477718304e-01 4.697919762367208136e+02 7.296449995688102774e+01 2.729010743122218230e+01 1.000000000000000000e+03 1.000000000000000000e+00
2.403385366054797885e+02 2.242299129364083932e+00 4.276628024690711527e+01 2.451810735799464513e-01 2.076293759353928010e+02 1.685419208041410499e+01 2.387463571866377166e+01 1.000000000000000000e+03 1.000000000000000000e+00
3.384201093629471870e+02 1.108655986661709614e+00 4.257556946877085124e+01 2.903837493408329973e-01 2.477032637402021464e+02 1.084064372848160929e+02 8.653106098235168631e+00 1.000000000000000000e+03 1.000000000000000000e+00
5.175240907431526693e+02 1.576138555121687324e+00 4.322760043247396311e+01 5.015678295563683609e-01 4.389067523555523849e+02 9.322734044391378916e+01 2.482192572425379140e+01 1.000000000000000000e+03 1.000000000000000000e+00
