#DMe S logL Z DMi DMh DMs dnu thres
5.064925420635105979e+02 1.715195276909367239e+00 4.322201751781632595e+01 4.632371010423316227e-01 4.038554349825443524e+02 1.156031449533722224e+02 3.457927807115221697e+01 1.000000000000000000e+03 1.000000000000000000e+00
2.955719364775114855e+02 2.202702100375959926e+00 4.305663735485710220e+01 3.213809699239815743e-01 2.753936554563953791e+02 8.705914243502460792e+00 1.795728230357864774e+01 1.000000000000000000e+03 1.000000000000000000e+00
4.044815346406587651e+02 1.081900683470383040e+00 4.286390171084055112e+01 3.903563480298570809e-01 3.375613851748177581e+02 5.809949454724557683e+01 3.494336007369327746e+01 1.000000000000000000e+03 1.000000000000000000e+00
2.885805240924050281e+02 5.427075106973139995e+00 4.271476782932865746e+01 1.480690007845864020e-01 1.231530368334346406e+02 1.750715671738860806e+02 1.485060282582493763e+01 1.000000000000000000e+03 1.000000000000000000e+00
2.912555501860890104e+02 8.232719769441926516e+00 4.219370217056668082e+01 6.124294766784166288e-02 4.996279654979857554e+01 2.329670134414136555e+02 2.310321967845349533e+01 1.000000000000000000e+03 1.000000000000000000e+00
9.715865308221225405e+02 4.856918133381007863e+00 4.312121020682567973e+01 2.335588814606385233e-01 1.974025026637063718e+02 9.185942043298587123e+02 3.640737948992861561e+01 1.000000000000000000e+03 1.000000000000000000e+00
3.699031222938697852e+02 1.135853126981150707e+00 4.289134165506359153e+01 3.615679200476915600e-01 3.115372659246282296e+02 6.218778353372993450e+01 1.728129412474059379e+01 1.000000000000000000e+03 1.000000000000000000e+00
7.329006029732831848e+02 3.009055945753835282e+00 4.311802466602125605e+01 2.771252447831320520e-01 2.359070571325910066e+02 6.021966055092335637e+02 3.252639837819724278e+01 1.000000000000000000e+03 1.000000000000000000e+00
7.629230072357000836e+02 2.393016526458744409e+00 4.255697304186945473e+01 2.188853500965045606e-01 1.845276658329821373e+02 6.620037871462913017e+02 4.299382105354772676e+01 1.000000000000000000e+03 1.000000000000000000e+00
3.986498600092050992e+02 2.706423310357200407e+00 4.311859236602750656e+01 3.593809346139964500e-01 3.095650623109299318e+02 8.989148110703214911e+01 3.120869444794797687e+01 1.000000000000000000e+03 1.000000000000000000e+00
1.535486661924801865e+03 5.697630666106630493e+00 4.327112363548598495e+01 2.314343866336153743e-01 1.955330670925783352e+02 1.629216068718149927e+03 2.084886445157724921e+01 1.000000000000000000e+03 1.000000000000000000e+00
7.256340830447543340e+02 1.544522925056045937e+00 4.241199952316600985e+01 2.271787856156770591e-01 1.917953064709542730e+02 6.073571827082793106e+02 4.775843884211536761e+01 1.000000000000000000e+03 1.000000000000000000e+00
7.411001814102027083e+02 2.453437554373592455e+00 4.281358743582585902e+01 2.509980587871565305e-01 2.127683223557284009e+02 6.503461164393332865e+02 1.059601363322363810e+01 1.000000000000000000e+03 1.000000000000000000e+00
2.015850177211823393e+02 1.719787990558230106e+01 4.300537836153729643e+01 1.235513601921786053e-01 1.022331537323446611e+02 1.084825570444506155e+02 3.144364877836280936e+00 1.000000000000000000e+03 1.000000000000000000e+00
3.280157948273713373e+02 2.590479000262187359e+00 4.296879884432979679e+01 2.409358142745731124e-01 2.038937872894802865e+02 1.198687741621941143e+02 3.415867033123343077e+01 1.000000000000000000e+03 1.000000000000000000e+00
1.933060722123506139e+02 2.162731647533024937e+00 4.250801524905504891e+01 1.790378886146939408e-01 1.498285194265806695e+02 4.077494744636250168e+00 4.718418729403186518e+01 1.000000000000000000e+03 1.000000000000000000e+00
4.664482113643789489e+02 4.128173906347973876e+00 4.295132020854893540e+01 2.476019080434532782e-01 2.097674110604570785e+02 2.726186959298365764e+02 4.761676028745689848e+01 1.000000000000000000e+03 1.000000000000000000e+00
3.273561156218058272e+02 2.088116831299513976e+00 4.284428299636658721e+01 3.055797262206556564e-01 2.612563964646283807e+02 8.007282273120438276e+01 6.225630509285551284e+00 1.000000000000000000e+03 1.000000000000000000e+00
1.897424464884752524e+02 4.455474332190316744e+00 4.284916592067904872e+01 2.018923528179737970e-01 1.696789391549326922e+02 2.110711327151691563e+01 3.007062763375217607e+00 1.000000000000000000e+03 1.000000000000000000e+00
5.709285312170127327e+02 4.342932972599307995e+00 4.317356583119588720e+01 2.387542514412354100e-01 2.019741350929122063e+02 4.478335375935989191e+02 9.210289193064207680e+00 1.000000000000000000e+03 1.000000000000000000e+00
1.630210031019416874e+02 1.641339738132002735e+00 4.237800134774779792e+01 1.720824251112277326e-01 1.438115846561796332e+02 1.281985864438284572e+01 9.695163112502280356e+00 1.000000000000000000e+03 1.000000000000000000e+00
2.659612413733121343e+02 1.010028693733587524e+01 4.301962078992195870e+01 1.791594468729961198e-01 1.499337729374325932e+02 9.805518401497451464e+01 3.875970148795121162e+01 1.000000000000000000e+03 1.000000000000000000e+00
2.230415484932153163e+02 1.056816280745176639e+00 4.235969867026022229e+01 2.268848280769257819e-01 1.915377078256728680e+02 8.283744809796109720e+00 3.036783933136456071e+01 1.000000000000000000e+03 1.000000000000000000e+00
2.186408089876921963e+02 3.367662541080819860e+00 4.271310532783314073e+01 1.722684140067857195e-01 1.439720148329354288e+02 7.479720775576265623e+01 1.273466114383322001e+01 1.000000000000000000e+03 1.000000000000000000e+00
2.319217537198640571e+02 2.106195291849839002e+00 4.279980521429757090e+01 2.661884468005785154e-01 2.262025785780173806e+02 6.289750063379067058e+00 9.518034264562380553e-01 1.000000000000000000e+03 1.000000000000000000e+00
6.672662212757137468e+02 3.082919649622472225e+00 4.266837754838388719e+01 2.079857157048983218e-01 1.749969004179864953e+02 5.848532091700477622e+02 9.801098705838073855e+00 1.000000000000000000e+03 1.000000000000000000e+00
9.322355294078689667e+02 3.854369046551390454e+00 4.340399579346064485e+01 3.375474346371869494e-01 2.899079371441397370e+02 8.330916381156624766e+02 2.605198511336955391e+01 1.000000000000000000e+03 1.000000000000000000e+00
3.323979990088029695e+02 2.419580125336959764e+00 4.293269223915729071e+01 2.726718498210500830e-01 2.319554548470306088e+02 8.418821816539070824e+01 4.364218031370460693e+01 1.000000000000000000e+03 1.000000000000000000e+00
3.876593805151698007e+02 2.188327261365556886e+00 4.326533786508665003e+01 3.575899150993410158e-01 3.079499371689945519e+02 6.993922238939438785e+01 3.827351403555544351e+01 1.000000000000000000e+03 1.000000000000000000e+00
3.387753454590823594e+02 2.550432173508138334e+00 4.315099922333095606e+01 3.142449441646736341e-01 2.690091045801867153e+02 7.384115058403472176e+01 1.784877876442862998e+01 1.000000000000000000e+03 1.000000000000000000e+00
4.758054746852820358e+02 3.682171047316612711e+00 4.272301123890613184e+01 2.086786673327083452e-01 1.756016715406405524e+02 3.192249733574043944e+02 4.362495935567159933e+01 1.000000000000000000e+03 1.000000000000000000e+00
3.694017064784821400e+02 1.134704479322095505e+00 4.295076308742137883e+01 3.752662125557112427e-01 3.239027457903316645e+02 3.253995851846232057e+01 3.003322482235159896e+01 1.000000000000000000e+03 1.000000000000000000e+00
2.222707741717184149e+02 1.431804384726957480e+00 4.158375858813582227e+01 9.166631160588223359e-02 7.531820947072498029e+01 1.186329078873141185e+02 4.179025640084413595e+01 1.000000000000000000e+03 1.000000000000000000e+00
7.203032327905400507e+02 2.365111571858011352e+00 4.358789905344708870e+01 4.594774452776512197e-01 4.004199979584836342e+02 4.549184130419944836e+02 1.194395331784612857e+01 1.000000000000000000e+03 1.000000000000000000e+00
5.015714997003707367e+02 1.077486394657152458e+00 4.333256613790423728e+01 5.214374811979498592e-01 4.571068895320058800e+02 6.379013962629130674e+01 3.859984870714439076e+00 1.000000000000000000e+03 1.000000000000000000e+00
7.575162513325670943e+02 1.140375314083796887e+00 4.348046738963846281e+01 6.547193341845385373e-01 5.795752849544558103e+02 2.586869697706761144e+02 3.575538763866552472e+01 1.000000000000000000e+03 1.000000000000000000e+00
3.190039739795188325e+02 1.746687901761713402e+00 4.291516215381991373e+01 3.123172098500769378e-01 2.672843745662427182e+02 3.591072183215313629e+01 3.196179856444105738e+01 1.000000000000000000e+03 1.000000000000000000e+00
3.266064477549615503e+02 1.419510490401428182e+00 4.293294502872734597e+01 3.531865525551897145e-01 3.039790247942715382e+02 2.179466539521203217e+01 8.824459074172191109e+00 1.000000000000000000e+03 1.000000000000000000e+00
3.642123071389068514e+02 1.617036204295697388e+00 4.301990185973668446e+01 3.672244249884253353e-01 3.166382507383078746e+02 4.935705944855460814e+01 1.568735245812120738e+01 1.000000000000000000e+03 1.000000000000000000e+00
3.704454328674806902e+02 1.753055532687029183e+00 4.307114624125455293e+01 3.713818583238164273e-01 3.203873863847737198e+02 2.133565782711407977e+01 4.731303898240057038e+01 1.000000000000000000e+03 1.000000000000000000e+00
9.651684114133742298e+01 2.580085335295692506e+00 4.171649068194268750e+01 7.237783945566411692e-02 5.920440616021570435e+01 3.455829465052175209e+01 5.454733759363489476e+00 1.000000000000000000e+03 1.000000000000000000e+00
3.279654390374591912e+02 1.314453323705053300e+00 4.274694331687726390e+01 3.232053627976150256e-01 2.770259266270413718e+02 4.191755776912865628e+01 2.548587823063182967e+01 1.000000000000000000e+03 1.000000000000000000e+00
3.121945228261295142e+03 1.378899221588778312e+00 4.294281716443388319e+01 3.572327793232257243e-01 3.076278753676749034e+02 3.805955984545172214e+03 1.372777822021931726e+01 1.000000000000000000e+03 1.000000000000000000e+00
4.267872063120302641e+02 2.423001323514708982e+00 4.337431134262956078e+01 3.746276513804127628e-01 3.233247604678487619e+02 1.067202977399878989e+02 3.550204119687246163e+01 1.000000000000000000e+03 1.000000000000000000e+00
5.503641038021550003e+02 1.234470739858403165e+00 4.328357071909822196e+01 5.100112866281715229e-01 4.466407619759688146e+02 1.434812531596444671e+02 1.314216368468851748e+01 1.000000000000000000e+03 1.000000000000000000e+00
4.406618494668076096e+02 1.493536553175570658e+00 4.312964530655032291e+01 3.889099636621771161e-01 3.362522092218683838e+02 1.253971659990012739e+02 1.961842363957824276e+01 1.000000000000000000e+03 1.000000000000000000e+00
3.539381561895590949e+02 1.775325319191238593e+00 4.295547065956102983e+01 3.638131025832705978e-01 3.135619511565731727e+02 3.385838367190123677e+01 2.120721378467356644e+01 1.000000000000000000e+03 1.000000000000000000e+00
4.079401993405689950e+02 4.196757059457535632e+00 4.350488815251756591e+01 4.217999134007184292e-01 3.660966834973845607e+02 5.561898937068895776e+01 3.874117831532236877e+00 1.000000000000000000e+03 1.000000000000000000e+00
6.109072715226699302e+02 3.523931472577936042e+00 4.219871131135855080e+01 1.101155562713196367e-01 9.085203148581105381e+01 5.348680506825191969e+02 4.245336140281317938e+01 1.000000000000000000e+03 1.000000000000000000e+00
2.168870723135643743e+02 2.047435636794705971e+00 4.248250698725659902e+01 1.801471379108381399e-01 1.507889838529382018e+02 2.940616695465576669e+01 4.859930296352961676e+01 1.000000000000000000e+03 1.000000000000000000e+00
4.114435279783101578e+02 1.581882351523132835e+00 4.316482503538972537e+01 4.334914168605220608e-01 3.767358994699578716e+02 1.952455479796617865e+01 3.022853276834035441e+01 1.000000000000000000e+03 1.000000000000000000e+00
3.889704589845252940e+02 1.576949319024222529e+00 4.313733513250801366e+01 4.017486867401238726e-01 3.478844724977025749e+02 3.459370141046998270e+01 2.299852619085624994e+01 1.000000000000000000e+03 1.000000000000000000e+00
4.295506647634022670e+02 1.409124410285131246e+00 4.248618753811040705e+01 2.276661485456106249e-01 1.922223886646770268e+02 2.560167132088168955e+02 3.534317745027441049e+01 1.000000000000000000e+03 1.000000000000000000e+00
4.463157997977925788e+02 1.520711011642891908e+00 4.298120588126855779e+01 4.029845013037918200e-01 3.490069432557750133e+02 8.757567182999882505e+01 4.894714573804592561e+01 1.000000000000000000e+03 1.000000000000000000e+00
1.347325884474226541e+03 3.775793281680652758e+00 4.321711274680274073e+01 2.624644338146658873e-01 2.229002561044490562e+02 1.393727819294487972e+03 2.581954499206324272e+01 1.000000000000000000e+03 1.000000000000000000e+00
1.813283314792874421e+02 3.776771197973790795e+00 4.274167770388762477e+01 1.975682957532536310e-01 1.659119574413093972e+02 1.210348031326661022e+01 6.358680470089455916e+00 1.000000000000000000e+03 1.000000000000000000e+00
2.908234593836633053e+02 1.880750588594213291e+00 4.294639121021318573e+01 3.164295621445101236e-01 2.709636665601730101e+02 1.650706945985167451e+01 9.636948911056370193e+00 1.000000000000000000e+03 1.000000000000000000e+00
2.271055356577915973e+03 1.042737355755384510e+00 4.298134131113211964e+01 4.278375995228207440e-01 3.715842599490986231e+02 2.671662274621887718e+03 4.047397635158264251e+01 1.000000000000000000e+03 1.000000000000000000e+00
1.923374014003234379e+03 1.475892397098039543e+00 4.268850690234928891e+01 2.312875312759812285e-01 1.954038426643142259e+02 2.090434096965620483e+03 3.719402942081278240e+01 1.000000000000000000e+03 1.000000000000000000e+00
4.186173022947088498e+02 2.490745362209828784e+00 4.296210725264540997e+01 3.150045974568731477e-01 2.696887609121444598e+02 1.735173205349798877e+02 2.232439607563846451e+01 1.000000000000000000e+03 1.000000000000000000e+00
2.469504270751089905e+02 1.402528436841347093e+00 4.259981452802540502e+01 2.569499908968171376e-01 2.180275766246045919e+02 3.262941573109367965e+01 3.725160879377814815e+00 1.000000000000000000e+03 1.000000000000000000e+00
4.146439153720413628e+02 1.017521047325448258e+01 4.270257539695673898e+01 1.071783295649024748e-01 8.836921464045657615e+01 3.227345065473232353e+02 3.850977158796129629e+01 1.000000000000000000e+03 1.000000000000000000e+00
1.626290447549719147e+02 1.744546996774631431e+00 4.224250001225022544e+01 1.613639190949378577e-01 1.345686206592876601e+02 2.140928491762478458e+01 1.117907918160510050e+01 1.000000000000000000e+03 1.000000000000000000e+00
1.624389359275454581e+02 3.704708184815251215e+00 4.213613838775527398e+01 1.088457754834537550e-01 8.977869481651922001e+01 4.106069256365897502e+01 3.950830883791165604e+01 1.000000000000000000e+03 1.000000000000000000e+00
1.821279871734120377e+02 1.377822523780732888e+00 4.237778251357797643e+01 1.890167954190976607e-01 1.584784700538356503e+02 1.352299492493589561e+01 1.459667813379190093e+01 1.000000000000000000e+03 1.000000000000000000e+00
1.125089568114701706e+03 3.805395908866592070e+00 4.309294580407537012e+01 2.899920010554223326e-01 2.473542065618165111e+02 1.107089918550208949e+03 2.518167689650183760e+01 1.000000000000000000e+03 1.000000000000000000e+00
5.940443281314281876e+02 7.733174106349522070e+00 4.258431380667767741e+01 1.068952884236861189e-01 8.813059234374757978e+01 5.544334939641528308e+02 5.560036528056294891e+00 1.000000000000000000e+03 1.000000000000000000e+00
6.889212309192092789e+02 1.371387007345308939e+00 4.343422919856881492e+01 5.046960704794204444e-01 4.417721480327163590e+02 3.581023473958226191e+02 1.378190644607588133e+01 1.000000000000000000e+03 1.000000000000000000e+00
3.750027903714102422e+02 1.059888814119919420e+00 4.301614810543402001e+01 3.947120768763617837e-01 3.415039163517539009e+02 1.459433428254542520e+01 3.212694987442905870e+01 1.000000000000000000e+03 1.000000000000000000e+00
2.922570062023885384e+02 1.374299131282839426e+00 4.284330218886079678e+01 3.051232910727311731e-01 2.608480272235543680e+02 7.342103554874942262e+00 3.365048645921535098e+01 1.000000000000000000e+03 1.000000000000000000e+00
2.062257101581122924e+02 1.634605370660633383e+00 4.261021496181915325e+01 2.022307824583806646e-01 1.699743024463287782e+02 4.120218581547810999e+01 2.380372443077161115e+00 1.000000000000000000e+03 1.000000000000000000e+00
5.303241543809491532e+02 2.249152192589221499e+00 4.346441823691561979e+01 4.633007959582156055e-01 4.039136370856006693e+02 1.389278019747321196e+02 4.604880860104104556e+01 1.000000000000000000e+03 1.000000000000000000e+00
3.283966574282725333e+02 3.604247754618088884e+00 4.325914791768096990e+01 3.661650433844780839e-01 3.156829100234589873e+02 8.864485856236600014e+00 8.504591418639778411e+00 1.000000000000000000e+03 1.000000000000000000e+00
3.022520040232147949e+02 7.697104299405491901e+00 4.297354074304109162e+01 1.678257231294549845e-01 1.401398415164408675e+02 1.408163386869523777e+02 4.850241472060059778e+01 1.000000000000000000e+03 1.000000000000000000e+00
2.560467410464554519e+02 1.299858896513988782e+00 4.263675398242201453e+01 2.329559452686590371e-01 1.968719528360156801e+02 4.285601647157580629e+01 3.010389046249962064e+01 1.000000000000000000e+03 1.000000000000000000e+00
5.079559433026244051e+02 1.897359200242662691e+00 4.295146923132918459e+01 3.561899352691496601e-01 3.066874480651950989e+02 2.593644726284681497e+02 1.359383489930025490e+01 1.000000000000000000e+03 1.000000000000000000e+00
4.288074851805807839e+02 1.936870481064638660e+00 4.321405705315517309e+01 4.492744609186001270e-01 3.911170774728038850e+02 3.000358970445915929e+01 2.462015560803143543e+01 1.000000000000000000e+03 1.000000000000000000e+00
1.503506120012493454e+02 4.614906556144058314e+00 4.264118809414799216e+01 1.586649772481592002e-01 1.322491498109816632e+02 1.086790454886035384e+01 1.010562572798455783e+01 1.000000000000000000e+03 1.000000000000000000e+00
5.650611781474290183e+02 2.166382833166687671e+00 4.331437754241976279e+01 4.742055999278431688e-01 4.138780512879117168e+02 1.862939411035007993e+02 3.658107112740108846e+01 1.000000000000000000e+03 1.000000000000000000e+00
4.411410150170107727e+02 7.012228508337624788e+00 4.309340726003865996e+01 1.863847019856997855e-01 1.561904933742736716e+02 3.074523140403875914e+02 3.060862565940075086e+01 1.000000000000000000e+03 1.000000000000000000e+00
3.452249295735358601e+02 4.305124447004546440e+00 4.340539116610249692e+01 3.349513171374864928e-01 2.875758581828279716e+02 5.890902940162270340e+01 1.804967438315575023e+01 1.000000000000000000e+03 1.000000000000000000e+00
3.323477894533411927e+02 1.141506613205370613e+00 4.272908403384906251e+01 3.100020687543473263e-01 2.652130344940733266e+02 5.479614134428759797e+01 3.315052653766948509e+01 1.000000000000000000e+03 1.000000000000000000e+00
2.934307214219500679e+02 1.732674583914756816e+00 4.273600714434047632e+01 2.309882720896273556e-01 1.951405114663085669e+02 1.192840247148384805e+02 1.710071001783308731e+00 1.000000000000000000e+03 1.000000000000000000e+00
1.084734852996391737e+03 2.570763666799446234e+00 4.057789882194781228e+01 2.103467570785977347e-02 1.698878679738485076e+01 1.063646562616203028e+03 2.655919582364265707e+01 1.000000000000000000e+03 1.000000000000000000e+00
3.162358363251902915e+02 6.599308487062831574e+00 4.291258234413453465e+01 1.759828077300872318e-01 1.471832200159709032e+02 1.623312124948920143e+02 3.647175788654094220e+01 1.000000000000000000e+03 1.000000000000000000e+00
4.133904257575651400e+02 3.302318134600685795e+00 4.289561622617795678e+01 2.065537085951608676e-01 1.737471211943753246e+02 2.757072457617758232e+02 1.343527209894048191e+01 1.000000000000000000e+03 1.000000000000000000e+00
5.588714619993492079e+02 1.097782962590379663e+00 4.326311233360006980e+01 5.761155178863623938e-01 5.072993563092226736e+02 4.138712797834649137e+01 3.989646808993757787e+01 1.000000000000000000e+03 1.000000000000000000e+00
3.532940361654576691e+02 3.504619314120346552e+00 4.287075173288632612e+01 2.435525421069657526e-01 2.061963601306155169e+02 1.714407355261215287e+02 1.148295344503327264e+01 1.000000000000000000e+03 1.000000000000000000e+00
2.497713723448680696e+02 5.696847630278535135e+00 4.302146058611518953e+01 2.372246750121120851e-01 2.006281941430964082e+02 1.839793416191592001e+01 4.240321851783333784e+01 1.000000000000000000e+03 1.000000000000000000e+00
1.727794567532241956e+02 3.270376920765866835e+00 4.243663632426695642e+01 1.656515774161168020e-01 1.382644683656014024e+02 2.509969468988634844e+01 1.513275596864512273e+01 1.000000000000000000e+03 1.000000000000000000e+00
6.491684772413100291e+02 1.386760590706401119e+00 4.290581025015905681e+01 3.807386323229596803e-01 3.288560351951512644e+02 4.250407480178387232e+02 1.722701512900174237e+01 1.000000000000000000e+03 1.000000000000000000e+00
1.014309242971852655e+03 1.031631436639960597e+00 4.334860359333530511e+01 5.970980680620745495e-01 5.265828492986804577e+02 7.484920796764480428e+02 3.045480140185803819e+01 1.000000000000000000e+03 1.000000000000000000e+00
4.955249621810318672e+02 2.137185395719702008e+00 4.332451150544501672e+01 4.936109942107310689e-01 4.316184768792981572e+02 4.915765984728721349e+01 4.629376920074872714e+01 1.000000000000000000e+03 1.000000000000000000e+00
6.921877611643359387e+02 1.342380388829872651e+00 4.266101747825887003e+01 2.438423944693515200e-01 2.064514138543182753e+02 5.692568921392048651e+02 3.492256917968406782e+01 1.000000000000000000e+03 1.000000000000000000e+00
5.788639075476119160e+02 1.240814777001051805e+00 4.322270460652737967e+01 5.419687909051638108e-01 4.759435729516721949e+02 1.442675066013831611e+02 1.443243729507288009e+01 1.000000000000000000e+03 1.000000000000000000e+00
5.463961340882983677e+02 1.872407699569336170e+00 4.344731815018259624e+01 4.685840121066900954e-01 4.087412483081741925e+02 1.617248967820804069e+02 4.043286766298243151e+01 1.000000000000000000e+03 1.000000000000000000e+00
3.823992041626832474e+02 1.022507448001164887e+00 4.273029045499380629e+01 3.309221127066359625e-01 2.839564446219644651e+02 1.199116167741764656e+02 1.110802873442832173e+01 1.000000000000000000e+03 1.000000000000000000e+00
2.107294593528019391e+02 4.183758403957699379e+00 4.283758555511843724e+01 1.830557202909857129e-01 1.533074347701239049e+02 2.521451558540902838e+01 4.271893906781783556e+01 1.000000000000000000e+03 1.000000000000000000e+00
7.495106352053853698e+02 1.359379881526683098e+00 4.359423560968095046e+01 7.593946223975859278e-01 6.757843966597041572e+02 9.949762005703982481e+01 3.021592756983339001e+01 1.000000000000000000e+03 1.000000000000000000e+00
6.419741570789490197e+02 1.244919572279796771e+00 4.319239995439428981e+01 5.329173578345816065e-01 4.676365938535164446e+02 2.193430628309007773e+02 4.790201395994863276e+01 1.000000000000000000e+03 1.000000000000000000e+00
