#DMe S logL Z DMi DMh DMs dnu thres
1.124430015762294033e+03 2.840253848417005678e+00 4.455262001239860581e+01 1.194845126640017741e+00 1.069783788100280844e+03 9.597860728354736182e+01 2.396139918968305338e+01 1.000000000000000000e+03 1.000000000000000000e+00
1.560978590211699839e+03 1.839530961664912034e+00 4.474845535321767898e+01 1.735803333939251347e+00 1.534496932275431845e+03 4.661961235577124540e+01 2.582899571450965581e+01 1.000000000000000000e+03 1.000000000000000000e+00
1.239691642116819139e+03 3.098675908587844141e+00 4.473617607716769129e+01 1.364954038564079930e+00 1.219227096914723006e+03 2.661075598418491595e+01 2.178695283888959011e+01 1.000000000000000000e+03 1.000000000000000000e+00
5.845503421929781780e+02 3.547937920250015420e+00 4.381875151189584017e+01 6.155656296327824961e-01 5.435641066598964244e+02 4.690778663215339606e+01 1.930816678312725543e+01 1.000000000000000000e+03 1.000000000000000000e+00
2.349344940669432162e+02 4.111899173008905564e+02 4.497423259848379473e+01 2.157359290371956284e-01 1.817677890094624615e+02 4.128049516068420388e+01 2.335617840621874564e+01 1.000000000000000000e+03 1.000000000000000000e+00
4.954359613259300090e+02 6.152785789214574308e+00 4.401892150898215306e+01 5.228585694691519903e-01 4.584085732224034473e+02 4.866521711922205640e+01 7.722258159293504676e+00 1.000000000000000000e+03 1.000000000000000000e+00
7.104427294761519533e+02 8.726332777121140083e+00 4.457854772955380440e+01 7.541741996620234811e-01 6.709935405438533280e+02 4.279768017737148966e+01 2.640306924525942378e+01 1.000000000000000000e+03 1.000000000000000000e+00
1.294446095423604675e+03 2.228664350453900322e+00 4.474682274813557825e+01 1.410029761587875186e+00 1.258293788881234377e+03 3.746038203697369084e+01 4.966775268018700018e+01 1.000000000000000000e+03 1.000000000000000000e+00
1.676929819018049784e+03 2.139043426022018135e+00 4.467598769183361185e+01 1.580444757043366621e+00 1.404309471075754345e+03 6.632329613013301923e+02 4.024878620970410736e+01 1.000000000000000000e+03 1.000000000000000000e+00
1.499816823478469132e+03 3.489025782505067230e+00 4.479587700429782160e+01 1.585718517192234112e+00 1.408795237712899279e+03 2.055832310765467525e+02 2.977296870168813925e+01 1.000000000000000000e+03 1.000000000000000000e+00
9.380093624801187389e+02 1.512750591021509106e+00 4.422231183005764876e+01 1.018099652539661282e+00 9.115381628235494418e+02 8.346163468696264687e+00 4.507535536053421055e+01 1.000000000000000000e+03 1.000000000000000000e+00
1.292353333231434590e+03 4.941526679698975855e+00 4.480864452668416220e+01 1.404905407798941130e+00 1.253870007267883466e+03 8.764457130749912039e+01 4.904187412334443330e+00 1.000000000000000000e+03 1.000000000000000000e+00
1.229911806745778449e+03 4.296560318194422301e+00 4.476347256786996809e+01 1.291382980095759692e+00 1.154982543644503721e+03 1.350939413475977915e+02 3.659769683378058858e+01 1.000000000000000000e+03 1.000000000000000000e+00
1.303457569976148079e+03 1.540233386408589533e+00 4.434255244210456937e+01 1.421246060747891837e+00 1.267976660134401300e+03 5.062047584068142925e+01 3.528753734539921538e+01 1.000000000000000000e+03 1.000000000000000000e+00
1.190269565908987715e+03 1.514345740814877495e+00 4.413914636836317840e+01 1.184720814138570777e+00 1.060770889160437719e+03 2.683494959939774276e+02 1.456895850198207754e+01 1.000000000000000000e+03 1.000000000000000000e+00
2.596413656893795405e+02 2.371470712861113554e+02 4.476993446131136523e+01 2.535282127939787467e-01 2.150040204477304542e+02 5.052214876257949783e+01 5.432022842052708356e+00 1.000000000000000000e+03 1.000000000000000000e+00
1.086200482740008056e+03 2.729152648507752410e+00 4.426828495310318345e+01 1.026706937680720522e+00 9.193126157138158305e+02 3.018867656860895750e+02 3.634603223063165700e+01 1.000000000000000000e+03 1.000000000000000000e+00
1.769064575417518427e+03 1.155148831964607714e+00 4.456307237060735815e+01 1.919694748701278986e+00 1.685451089512546559e+03 2.178990485955368683e+02 2.622680712181809071e+01 1.000000000000000000e+03 1.000000000000000000e+00
1.211797376276505474e+03 5.923364985839086216e+00 4.472398740023958652e+01 1.060724501576439938e+00 9.499569607804253337e+02 5.351732752161948383e+02 4.407684499532848577e+00 1.000000000000000000e+03 1.000000000000000000e+00
1.700954808107991539e+03 1.446493901346963318e+00 4.434659909853726845e+01 1.470971619422019039e+00 1.310904026439835206e+03 9.205518376903480657e+02 4.325257394504019715e+01 1.000000000000000000e+03 1.000000000000000000e+00
8.981137359327234435e+02 1.898377931392175588e+00 4.408749548527437412e+01 9.573707629738760216e-01 8.565855216578047475e+02 6.986172795212613096e+01 1.142438450811409467e+01 1.000000000000000000e+03 1.000000000000000000e+00
1.007634781183350810e+03 1.335610815456663047e+00 4.402470383820828204e+01 1.093085701534457055e+00 9.789924282784053275e+02 4.732274894887421368e+01 1.262815037477120228e+01 1.000000000000000000e+03 1.000000000000000000e+00
1.006221535536735814e+03 2.411822177407653367e+00 4.439900795645993270e+01 1.079326979772269102e+00 9.666476784218477860e+02 5.698605456499237221e+01 2.530093422764704769e+01 1.000000000000000000e+03 1.000000000000000000e+00
9.822760042396080280e+02 2.359726899983190851e+00 4.428774758983865212e+01 1.082936362196446289e+00 9.698861277439044670e+02 2.285741927836564003e+01 2.949904997658331141e+00 1.000000000000000000e+03 1.000000000000000000e+00
1.267716263018523932e+03 2.145071373877612153e+00 4.462571206833577975e+01 1.325045439055795971e+00 1.184377657468995722e+03 1.517940061653900159e+02 4.197203856481065287e+01 1.000000000000000000e+03 1.000000000000000000e+00
8.568731849724449603e+02 5.319711504552952164e+00 4.461298825246883837e+01 9.279650018114128374e-01 8.298772848325999121e+02 1.781599336166402381e+01 3.423115730035312509e+01 1.000000000000000000e+03 1.000000000000000000e+00
8.955619570282392488e+02 2.128546297974888546e+01 4.456050279762173005e+01 5.589606316469738490e-01 4.915378843475282906e+02 6.222626609410373248e+02 7.594962605866683703e+00 1.000000000000000000e+03 1.000000000000000000e+00
1.037620836817195823e+03 1.322523292226561953e+00 4.428150495936412057e+01 1.147618222224183526e+00 1.027741297147862042e+03 1.383447455332233567e+01 7.383004867725362352e+00 1.000000000000000000e+03 1.000000000000000000e+00
9.537922516301525775e+02 8.703219576402926094e+00 4.476406726562628791e+01 1.050580275108921935e+00 9.408552476711499821e+02 1.736530533266597942e+01 9.163059804670698583e+00 1.000000000000000000e+03 1.000000000000000000e+00
1.689797598119826944e+03 1.100926688576588486e+00 4.432465899596503789e+01 1.476603492392275951e+00 1.315765942131205293e+03 8.856860641349858270e+02 4.064204135170099619e+01 1.000000000000000000e+03 1.000000000000000000e+00
9.326036474086509998e+02 1.947917592403857645e+00 4.428989117231427031e+01 1.025706295129281909e+00 9.184087943289465557e+02 1.323490415079005622e+01 1.551969909120259850e+01 1.000000000000000000e+03 1.000000000000000000e+00
1.316984137265585105e+03 1.600814187558025958e+00 4.440864510382473895e+01 1.423900971773303326e+00 1.270268606995030041e+03 7.984052968801677252e+01 3.339328953168687519e+01 1.000000000000000000e+03 1.000000000000000000e+00
8.870942639962096337e+02 1.020292397546002539e+00 4.381502028376609559e+01 9.665630504988477201e-01 8.649345588014415398e+02 2.178960687382873118e+01 2.178885057214948873e+01 1.000000000000000000e+03 1.000000000000000000e+00
4.697014637551656051e+02 3.215023154339018419e+00 4.362205809167318904e+01 4.836009229584780078e-01 4.224631565775170543e+02 2.086951320397485077e+01 4.921328292378063196e+01 1.000000000000000000e+03 1.000000000000000000e+00
8.138380991114552216e+02 1.410689860866489509e+00 4.389196722480775747e+01 8.967628410179354637e-01 8.014754975094322162e+02 1.863573899921732391e+01 4.813184337808667834e+00 1.000000000000000000e+03 1.000000000000000000e+00
3.671425141402629606e+02 6.353288188976810247e+00 4.342889093614337526e+01 3.257891798622343238e-01 2.793455575193443110e+02 8.666461089290704933e+01 2.973564421994080931e+01 1.000000000000000000e+03 1.000000000000000000e+00
9.358780437999815831e+02 2.628857880659037249e+00 4.430544435414925175e+01 9.453275779407724899e-01 8.456471128127894872e+02 1.476199160380374167e+02 2.790880239461792200e+01 1.000000000000000000e+03 1.000000000000000000e+00
7.767203222528803508e+02 3.733533293099825734e+00 4.422405698597636103e+01 8.207423274608005581e-01 7.320245839626303450e+02 5.900728814352948604e+01 2.237213441863902119e+01 1.000000000000000000e+03 1.000000000000000000e+00
1.706787966124549712e+03 1.227956776164957686e+00 4.473718147088010255e+01 1.926041410995886771e+00 1.690622450447411438e+03 1.422156212202924941e+01 3.307940617938076144e+01 1.000000000000000000e+03 1.000000000000000000e+00
7.990295543109735945e+02 2.941432998931565734e+00 4.401860537173521948e+01 8.121090774881429830e-01 7.241211661945286551e+02 9.485923688578949964e+01 4.088293320002524212e+01 1.000000000000000000e+03 1.000000000000000000e+00
1.112534587460481589e+03 1.302312593043115863e+00 4.415083206293428475e+01 1.201547757346427492e+00 1.075750626162551725e+03 5.577577076224026342e+01 2.520587673953506069e+01 1.000000000000000000e+03 1.000000000000000000e+00
1.200188477264874336e+03 1.505441072340950592e+00 4.432421122183700390e+01 1.323532810611088850e+00 1.183056782919720717e+03 1.368656966436713951e+01 2.611948424795769697e+01 1.000000000000000000e+03 1.000000000000000000e+00
4.097613000272927479e+02 1.115063160479996895e+01 4.381270258712547871e+01 3.934121121479702277e-01 3.403272702263381575e+02 7.715063226782547190e+01 1.959958585206774018e+01 1.000000000000000000e+03 1.000000000000000000e+00
5.500394167163165093e+02 4.564708372984913609e+00 4.397109653556487530e+01 5.747915656683275643e-01 5.060826108182764074e+02 6.151232427013892590e+01 7.710482911814430906e+00 1.000000000000000000e+03 1.000000000000000000e+00
4.693849850332464939e+02 4.478116515696092925e+00 4.368494707208593297e+01 4.334485835082819705e-01 3.766968706197084202e+02 9.949620770610235354e+01 3.336743860803733241e+01 1.000000000000000000e+03 1.000000000000000000e+00
6.925821864111749164e+02 1.865625072804481643e+00 4.385604474481351644e+01 6.571786731056117326e-01 5.818373455386341675e+02 1.517837636098116150e+02 3.174022484063765859e+01 1.000000000000000000e+03 1.000000000000000000e+00
1.677353565379938118e+03 1.061683593834215955e+00 4.444634578906777733e+01 1.838416026169254369e+00 1.619223899372786263e+03 1.476413625452042027e+02 1.735481304536165581e+01 1.000000000000000000e+03 1.000000000000000000e+00
7.322635115767743628e+02 4.420614332798419532e+00 4.417187502704290125e+01 7.815789736761568074e-01 6.961432910218621828e+02 4.865203765777810219e+01 1.569898780739867306e+01 1.000000000000000000e+03 1.000000000000000000e+00
1.850076912427269917e+03 1.726384601954763287e+00 4.476615673123954764e+01 1.969496608101471757e+00 1.725755494999006487e+03 3.316127941436889728e+02 3.755923322390619745e+01 1.000000000000000000e+03 1.000000000000000000e+00
8.683632270130067354e+02 1.567922198351972218e+00 4.413299928596504174e+01 9.426357912316691845e-01 8.432022559525139513e+02 3.525616589176734550e+01 1.362243703249007609e+01 1.000000000000000000e+03 1.000000000000000000e+00
7.188791660287885179e+02 6.730940665444067328e+00 4.455071931657833062e+01 7.803011329875511048e-01 6.949705984664516336e+02 3.312121989716717252e+01 9.443230022170650884e+00 1.000000000000000000e+03 1.000000000000000000e+00
6.343244137232056801e+02 7.178669329389689935e+00 4.450990475175593275e+01 6.997367898961823762e-01 6.209764893848937390e+02 1.093609026667522421e+01 1.175186779990416497e+01 1.000000000000000000e+03 1.000000000000000000e+00
1.289703753975826885e+03 1.168017836740170790e+00 4.415080091609799950e+01 1.203969316708521697e+00 1.077892708401048139e+03 4.325397422855048717e+02 3.428530310125758263e+01 1.000000000000000000e+03 1.000000000000000000e+00
8.577093436276279590e+02 3.505052830499821859e+00 4.430470368625972810e+01 8.826206094782567124e-01 7.885731464838802367e+02 1.194216649580849605e+02 1.073556464568622992e+01 1.000000000000000000e+03 1.000000000000000000e+00
1.184124389252250694e+03 2.352874737804759864e+00 4.437214494351123051e+01 1.148111601141406979e+00 1.028180514558362574e+03 3.086333252653415116e+02 2.635152109154152811e+01 1.000000000000000000e+03 1.000000000000000000e+00
6.374900769691097366e+02 4.596243464128350276e+00 4.416240452670091798e+01 6.996005453757104808e-01 6.208512622790649402e+02 2.213026835353998578e+01 6.149070168065545516e+00 1.000000000000000000e+03 1.000000000000000000e+00
7.515005481980612103e+02 7.746387502102034084e+00 4.449810511246958100e+01 8.094433964830105577e-01 7.216808348376493996e+02 3.336652845285716040e+01 2.059055497215619468e+01 1.000000000000000000e+03 1.000000000000000000e+00
4.652020015699967530e+02 1.633557082987861264e+01 4.422390852593731836e+01 4.930479869974946361e-01 4.311027754116994970e+02 1.260540077743346288e+01 3.830638019638455205e+01 1.000000000000000000e+03 1.000000000000000000e+00
9.271192565077251402e+02 2.038414195789573835e+00 4.428457615488481025e+01 9.890976245277997014e-01 8.853423418642991010e+02 8.094313378847107288e+01 2.155227888868288311e+00 1.000000000000000000e+03 1.000000000000000000e+00
9.599684417315240808e+02 3.433865116496113146e+00 4.435228194843314498e+01 1.041022978391956677e+00 9.322434507286463941e+02 4.964442567865407341e+01 6.942918033929529109e+00 1.000000000000000000e+03 1.000000000000000000e+00
6.366710769682500768e+02 4.453619194709760976e+00 4.421051050338542154e+01 7.021215730956771317e-01 6.231684270647924677e+02 1.914315198908933979e+01 3.839999705544089537e+00 1.000000000000000000e+03 1.000000000000000000e+00
8.017594446902949130e+02 5.185384107062761316e+00 4.459544088843527732e+01 8.598804945336184780e-01 7.678267073838037504e+02 4.652220543120473906e+01 1.658863081127133299e+01 1.000000000000000000e+03 1.000000000000000000e+00
1.156371825539458996e+03 1.126521671116190282e+00 4.423346581483473017e+01 1.239494087493368424e+00 1.109233337322547868e+03 6.549538670338441193e+01 4.007097895176402602e+01 1.000000000000000000e+03 1.000000000000000000e+00
1.041087174184145624e+03 2.680828259641297784e+00 4.437052152471031974e+01 1.079640931600098996e+00 9.669293656925518690e+02 1.070534538695422242e+02 4.716816006733735378e+01 1.000000000000000000e+03 1.000000000000000000e+00
4.191890963267007351e+02 2.573547514858878671e+01 4.441109330949880984e+01 4.693194136263644234e-01 4.094132315338656554e+02 1.115145833405382980e+01 3.212409591045223500e+00 1.000000000000000000e+03 1.000000000000000000e+00
3.966881231411850308e+02 1.085292396807726689e+01 4.381509431585326553e+01 3.918292190243655160e-01 3.388945351527173671e+02 5.003353529157050872e+01 3.040526914303441330e+01 1.000000000000000000e+03 1.000000000000000000e+00
9.885016147045784010e+02 1.508153151140374959e+00 4.397411239962494278e+01 9.982956548508155059e-01 8.936503800270418196e+02 1.825281089719948682e+02 7.012701141361565860e+00 1.000000000000000000e+03 1.000000000000000000e+00
1.073762218850972204e+03 1.208826897997505645e+00 4.397398190134324381e+01 1.110075443469457968e+00 9.942361491661584978e+02 1.494594546466087195e+02 1.834655211095754623e+01 1.000000000000000000e+03 1.000000000000000000e+00
1.421355953519569312e+03 1.446158902841740090e+00 4.441445589008560546e+01 1.490394662906966428e+00 1.327549022656541865e+03 2.100152621873829446e+02 2.360101777758314867e+01 1.000000000000000000e+03 1.000000000000000000e+00
7.614598262060162597e+02 5.270121603092650098e+00 4.433730375825125947e+01 8.118471440198847811e-01 7.238813758914968730e+02 3.768054853604855481e+01 3.040585934300660753e+01 1.000000000000000000e+03 1.000000000000000000e+00
1.007911259377589317e+03 4.532140451159092365e+00 4.455903338047830431e+01 1.005584839000255748e+00 9.002342700515476963e+02 2.060891854635366656e+02 9.866151837964775240e+00 1.000000000000000000e+03 1.000000000000000000e+00
1.152216032627217146e+03 2.716956739088532302e+00 4.456456080409525100e+01 1.257530524667987315e+00 1.125145425481517577e+03 4.560431241594677232e+01 1.550840953676511624e+01 1.000000000000000000e+03 1.000000000000000000e+00
5.676653474243071287e+02 7.698501736472729284e+00 4.427246675359984351e+01 6.086010953630861531e-01 5.371586497869265031e+02 1.752274382731396329e+01 3.155036340808706186e+01 1.000000000000000000e+03 1.000000000000000000e+00
1.426680225032757562e+03 2.577542008453748590e+00 4.452258135999568367e+01 1.399333407463519752e+00 1.249059778769091281e+03 3.989837668802254598e+02 2.718690368876818297e+01 1.000000000000000000e+03 1.000000000000000000e+00
1.074140223102202071e+03 4.204473049209626723e+00 4.452228517551053244e+01 1.155856961994499832e+00 1.035075615298444063e+03 7.145623718816192138e+01 1.276146951315434386e+01 1.000000000000000000e+03 1.000000000000000000e+00
7.295412652787078969e+02 2.814642685357488183e+00 4.405968444935204786e+01 7.070136517955560862e-01 6.276649077669234202e+02 1.331818139728025017e+02 4.072251909501830625e+01 1.000000000000000000e+03 1.000000000000000000e+00
9.781921194366137797e+02 2.648235194710779616e+00 4.432629505142352855e+01 9.448518209302894100e-01 8.452149991586987881e+02 2.351793696346636295e+02 2.344142487990546897e+01 1.000000000000000000e+03 1.000000000000000000e+00
1.324878786066379234e+03 2.232580864058397729e+00 4.466133782547009190e+01 1.437991764465410549e+00 1.282432987558193872e+03 7.294484844357951658e+01 3.053765875553476761e+01 1.000000000000000000e+03 1.000000000000000000e+00
1.030708320854441354e+03 2.688671179991958038e+00 4.437172608938600149e+01 1.006167749992715521e+00 9.007607791628214500e+02 2.462158652782101740e+02 1.448070205435164048e+01 1.000000000000000000e+03 1.000000000000000000e+00
6.642746579111110350e+02 4.322689086405456571e+00 4.420716860484341026e+01 7.005870364226182145e-01 6.217579807166393948e+02 3.564804153712640300e+01 3.665526853155718356e+01 1.000000000000000000e+03 1.000000000000000000e+00
6.080745389748522030e+02 4.762459743090865061e+00 4.379287396953822764e+01 5.121060760721856120e-01 4.485595402175085837e+02 2.231029010528995684e+02 1.810069779272678403e+01 1.000000000000000000e+03 1.000000000000000000e+00
2.102191297618159297e+03 1.261505823350734357e+00 4.478397345129569374e+01 2.411819073683794112e+00 2.072448869167040357e+03 9.562139273241416504e+01 5.854391954789201158e+00 1.000000000000000000e+03 1.000000000000000000e+00
9.065026981987455201e+02 2.135009500503286084e+00 4.404766845618341620e+01 9.454614152010701877e-01 8.457686725719238439e+02 7.523271386824862361e+01 4.292298957856593233e+01 1.000000000000000000e+03 1.000000000000000000e+00
1.056548532629050442e+03 1.537481749549634680e+00 4.423074179447510090e+01 1.051813212584743695e+00 9.419614772316330118e+02 2.173299882828233365e+02 1.778124597277758667e+01 1.000000000000000000e+03 1.000000000000000000e+00
1.318049321300151405e+03 2.154451690561470123e+00 4.439218211473990294e+01 1.310444779345834032e+00 1.171627903964757479e+03 2.917375066531068910e+02 4.656109261387154419e+01 1.000000000000000000e+03 1.000000000000000000e+00
9.109508145266715928e+02 5.053711737507331492e+00 4.447008610099729964e+01 9.739169404544485431e-01 8.716138429538069659e+02 4.317398199583787743e+01 3.447393257801464017e+01 1.000000000000000000e+03 1.000000000000000000e+00
1.292604619614480725e+03 1.364330732137115643e+00 4.437151346983367972e+01 1.416021485518917711e+00 1.263466358779835218e+03 2.390191370509358748e+01 4.649675052206457337e+01 1.000000000000000000e+03 1.000000000000000000e+00
1.071629581893327668e+03 4.034171949328487550e+00 4.467114202923284694e+01 1.164118701452157456e+00 1.042430408306714071e+03 5.304037894788038443e+01 1.015009867785773245e+01 1.000000000000000000e+03 1.000000000000000000e+00
1.374468863095320330e+03 1.318170803706165906e+00 4.457090373835197994e+01 1.511091536600488006e+00 1.345191439589322272e+03 7.125131942327902834e+01 2.266970956101038936e+00 1.000000000000000000e+03 1.000000000000000000e+00
9.382046689699951685e+02 3.120707595545921365e+00 4.423232091630464424e+01 8.883562180292265964e-01 7.938059016302050850e+02 2.252165549538838150e+02 4.745975522796442192e+01 1.000000000000000000e+03 1.000000000000000000e+00
7.559917899968742176e+02 1.369848697054166564e+00 4.389628632893666804e+01 8.150230016765039887e-01 7.267887549100336173e+02 2.494553234835673194e+01 2.805864805302490339e+01 1.000000000000000000e+03 1.000000000000000000e+00
1.674037322309947285e+03 1.291130382594682269e+00 4.466102031830436658e+01 1.880516244398382941e+00 1.653527823828381997e+03 5.017648213938455370e+01 8.901461401228338843e+00 1.000000000000000000e+03 1.000000000000000000e+00
1.134869556369277916e+03 1.269702356288357370e+00 4.434293159614039581e+01 1.214621439127685054e+00 1.087290213538725084e+03 1.036201321088124416e+02 1.750100583335956195e+00 1.000000000000000000e+03 1.000000000000000000e+00
1.732849173147968941e+03 1.028026404908710223e+00 4.456550627059243652e+01 1.875261461385662631e+00 1.649246143421932857e+03 1.943018953113839871e+02 4.607867411496759757e+01 1.000000000000000000e+03 1.000000000000000000e+00
7.407872364303080985e+02 8.928888862846191543e+00 4.447957920381707453e+01 8.088793049572969851e-01 7.211644301231698364e+02 1.613387013717810348e+01 1.936141809698975180e+01 1.000000000000000000e+03 1.000000000000000000e+00
9.030597719805451788e+02 1.023788484111866515e+00 4.390839469677010243e+01 9.732407709471321278e-01 8.709997015535685705e+02 1.998159928337110003e+01 4.328063880257559504e+01 1.000000000000000000e+03 1.000000000000000000e+00
6.076472745699361440e+02 2.088210003595299113e+01 4.460551013511782514e+01 6.298712860902613286e-01 5.567213777607965994e+02 4.304040537415724543e+01 3.996225155345504731e+01 1.000000000000000000e+03 1.000000000000000000e+00
8.437034332090238422e+02 7.280595325761382242e+00 4.455897706084909515e+01 8.899545802143633555e-01 7.952641318904536547e+02 5.437800494357548331e+01 3.717007444583995834e+01 1.000000000000000000e+03 1.000000000000000000e+00
1.155418607690838371e+03 2.574843026771694632e+00 4.467388676988991136e+01 1.251516300408467952e+00 1.119839562372369301e+03 4.076784837614979295e+01 3.933895211135497050e+01 1.000000000000000000e+03 1.000000000000000000e+00
1.293008363324079710e+03 1.034063080799308976e+00 4.424270238261670585e+01 1.375281900529723211e+00 1.228245709559869738e+03 1.125517472315689389e+02 4.127781208483206399e+01 1.000000000000000000e+03 1.000000000000000000e+00
