#DMe S logL Z DMi DMh DMs dnu thres
2.631774982042401803e+02 1.488933387477413994e+00 4.255042349639676758e+01 2.687648434657122776e-01 2.284886760468332341e+02 8.368770342087834990e+00 3.564318767246453490e+01 1.000000000000000000e+03 1.000000000000000000e+00
2.769251520541066611e+02 1.278630885665736905e+00 4.250555504095537174e+01 2.180556851350047287e-01 1.838006201139723714e+02 7.928892652196964264e+01 3.414193903324731139e+01 1.000000000000000000e+03 1.000000000000000000e+00
3.428696933603479238e+02 2.145274980031709688e+00 4.316875225262740656e+01 3.534468972134779952e-01 3.042138012440697139e+02 5.072535106057132026e+01 1.593346183224414458e+00 1.000000000000000000e+03 1.000000000000000000e+00
2.765542108549868772e+02 6.229663179828293984e+00 4.336788439276693197e+01 2.817277859664899520e-01 2.399910003746339839e+02 3.626305150362011176e+01 1.060103131318937386e+01 1.000000000000000000e+03 1.000000000000000000e+00
6.194155574698550026e+02 1.707245562943956019e+00 4.299898364301338916e+01 3.739646580104605267e-01 3.227246606629133225e+02 3.764378415434573526e+02 3.120496502270919237e+01 1.000000000000000000e+03 1.000000000000000000e+00
2.375989477070018836e+02 1.360265940790190919e+00 4.248688296512147389e+01 2.518169376813707006e-01 2.134919012273855969e+02 1.479512516382090226e+01 1.538248393683482362e+01 1.000000000000000000e+03 1.000000000000000000e+00
1.508641457494291842e+02 1.818383402480479472e+00 4.206573658282008665e+01 1.093030407977388929e-01 9.016521793460985634e+01 6.559836948373953192e+01 1.735135714402008533e+00 1.000000000000000000e+03 1.000000000000000000e+00
5.187298420190652450e+02 3.592049742564123793e+00 4.341062895394857435e+01 4.070557131729038991e-01 3.527047603938353859e+02 2.214183523732468188e+02 1.218818725753062004e+01 1.000000000000000000e+03 1.000000000000000000e+00
4.979337363907030749e+02 1.424875248735285593e+00 4.305003688550366547e+01 4.305418267382298270e-01 3.740482949477864167e+02 1.326906776558230661e+02 4.453262805219886644e+01 1.000000000000000000e+03 1.000000000000000000e+00
2.377986328968084422e+02 7.653402051307899967e+00 4.276705880593098641e+01 1.386811754161456633e-01 1.151214722144943181e+02 1.146150602438912642e+02 2.507511327856152761e+01 1.000000000000000000e+03 1.000000000000000000e+00
9.172888701553199553e+02 1.001355105366575016e+00 4.309242114094157472e+01 5.271605501095432134e-01 4.623532667746894731e+02 6.508956860407804470e+02 4.386402028240003403e+01 1.000000000000000000e+03 1.000000000000000000e+00
8.140979043031502442e+02 1.517561321406130093e+00 4.284262901240452948e+01 2.977522446319531557e-01 2.542687709065446313e+02 7.132123581072110028e+02 1.330715636859503093e+01 1.000000000000000000e+03 1.000000000000000000e+00
5.067846681640323823e+02 4.758014734741682794e+00 4.374471893588869875e+01 5.060684961961545714e-01 4.430292579589308275e+02 5.176867057198343502e+01 4.425134419998283875e+01 1.000000000000000000e+03 1.000000000000000000e+00
7.158629774291144940e+02 1.393595675114938981e+00 4.327948234133111782e+01 5.519238045546299709e-01 4.850798157613041326e+02 3.396570857625779354e+02 1.850079652007656961e+01 1.000000000000000000e+03 1.000000000000000000e+00
5.453645334529267075e+02 2.159996466424942252e+00 4.295839984442666548e+01 2.751320045652463353e-01 2.341384081203808023e+02 3.585662234332221487e+02 3.828816963514174176e+01 1.000000000000000000e+03 1.000000000000000000e+00
1.443294092451423012e+02 5.194375726428305740e+01 4.359912986490896003e+01 1.269213486436365779e-01 1.050995654158184323e+02 1.768712575795862918e+01 2.652182275726226024e+01 1.000000000000000000e+03 1.000000000000000000e+00
1.318607791666006221e+02 1.880680863396097191e+00 4.186732885807453641e+01 8.703451196582689953e-02 7.143559485611972093e+01 1.915500276372499755e+01 4.652925797366375349e+01 1.000000000000000000e+03 1.000000000000000000e+00
1.275006858166716256e+03 1.721553373712819912e+00 4.252155318339331558e+01 2.395363496375005896e-01 2.026623373749869472e+02 1.308809610935776391e+03 2.040040192017830734e+01 1.000000000000000000e+03 1.000000000000000000e+00
3.471540549343926614e+02 1.604290753471462105e+00 4.287799866857546505e+01 3.422346711869300728e-01 2.941184575638083061e+02 4.060112890589507373e+01 3.058508869201358493e+01 1.000000000000000000e+03 1.000000000000000000e+00
2.479487716345395825e+02 3.608320440377899896e+00 4.299886268170099868e+01 2.568526680553326891e-01 2.179415800843037800e+02 3.751474086303422695e+01 1.998778977270909696e-01 1.000000000000000000e+03 1.000000000000000000e+00
5.369803171418199099e+02 1.013914609405009770e+00 4.320655731442366942e+01 5.841174903356827208e-01 5.146533708754271856e+02 3.311668987657976260e+01 2.251816209797907753e+00 1.000000000000000000e+03 1.000000000000000000e+00
2.023680031162643616e+02 1.085293970709910960e+00 4.209417625342263847e+01 1.844077784332894820e-01 1.544781398159271930e+02 1.998120317296509896e+01 3.673992342806117506e+01 1.000000000000000000e+03 1.000000000000000000e+00
3.009842362801543914e+02 1.034551883796949179e+00 4.248562979815974217e+01 2.909199079881089611e-01 2.481809940368108016e+02 6.459381447114793673e+01 3.570942147103001396e+00 1.000000000000000000e+03 1.000000000000000000e+00
2.431265475613338083e+02 1.435253075174561133e+00 4.236331195330816968e+01 2.169314858410911206e-01 1.828154702982248807e+02 4.870789642590964519e+01 2.468655244056236597e+01 1.000000000000000000e+03 1.000000000000000000e+00
7.138627485131180492e+02 1.102015789372170929e+00 4.294448729527648823e+01 3.548012558721205245e-01 3.054351495894518393e+02 5.264941158138633455e+02 2.684410814075442886e+01 1.000000000000000000e+03 1.000000000000000000e+00
3.761780659134181519e+02 2.745285468540983764e+00 4.319547796421858266e+01 2.952753821075898566e-01 2.520618266104208374e+02 1.308359022172481048e+02 2.992880707169878107e+01 1.000000000000000000e+03 1.000000000000000000e+00
3.083922436427654930e+02 1.136545787730786738e+00 4.291385762703251316e+01 3.320319579651556108e-01 2.849534128940106825e+02 1.508699300824155110e+01 1.613427860643625422e+01 1.000000000000000000e+03 1.000000000000000000e+00
3.204399934801910490e+02 2.072382776730311349e+00 4.306895198056360385e+01 3.101904480842071488e-01 2.653815761243984639e+02 6.594246388077266374e+01 6.194548625420526200e+00 1.000000000000000000e+03 1.000000000000000000e+00
1.946723337292364135e+02 1.329714461490571376e+00 4.238405825800474247e+01 1.967594466284311450e-01 1.652088562856301053e+02 2.565582293740376585e+01 9.604872023755801180e+00 1.000000000000000000e+03 1.000000000000000000e+00
3.865197964344243360e+02 1.068323816329003417e+00 4.262854905293614394e+01 3.140527846007786783e-01 2.688371808016833597e+02 1.384587384679576303e+02 1.618243030334879506e+01 1.000000000000000000e+03 1.000000000000000000e+00
3.213716848572930758e+02 1.208757851117640447e+00 4.274866780937034605e+01 3.002028609219009603e-01 2.564523291742682432e+02 3.626766544336659592e+01 4.814066654490880381e+01 1.000000000000000000e+03 1.000000000000000000e+00
1.961731137415955573e+02 3.807830242810591237e+00 4.285931755056896719e+01 1.839528425560182923e-01 1.540842250053327405e+02 1.261050372221380300e+01 3.722075573710854002e+01 1.000000000000000000e+03 1.000000000000000000e+00
1.820277834389885641e+02 3.605187475788024010e+00 4.287135799179700513e+01 1.917107949864605976e-01 1.608202593332988215e+02 2.289254420455995742e+01 2.380691207126084397e+00 1.000000000000000000e+03 1.000000000000000000e+00
5.926704960199407424e+02 2.668688663663169702e+00 4.323924880733634524e+01 3.877038826188047294e-01 3.351605406899250283e+02 3.545134027383023749e+02 2.834162086155389559e+00 1.000000000000000000e+03 1.000000000000000000e+00
3.531553389484031413e+02 2.402488330091969715e+00 4.261700477457707592e+01 2.313668520004362739e-01 1.954736404260869449e+02 1.580846731807835113e+02 3.607934354672283916e+01 1.000000000000000000e+03 1.000000000000000000e+00
4.981483630239956710e+02 2.249701707391774885e+00 4.343652707875617125e+01 5.209752328291553658e-01 4.566834808143590294e+02 5.869988074352727381e+01 4.367178129508325846e+00 1.000000000000000000e+03 1.000000000000000000e+00
2.624965927559098304e+02 1.949745857977550179e+00 4.268699837651875839e+01 2.321265586133359760e-01 1.961421393782665632e+02 5.041155434077949593e+01 3.134552994808517568e+01 1.000000000000000000e+03 1.000000000000000000e+00
4.221609835507902631e+02 1.231259410964730128e+00 4.313828193395910660e+01 4.429603924802878456e-01 3.853638310268468672e+02 4.049875429316872300e+01 1.259807935493768483e+01 1.000000000000000000e+03 1.000000000000000000e+00
4.198419372878692002e+02 1.091713223308540703e+00 4.287629732192376508e+01 3.836249519355634519e-01 3.314685497616685552e+02 9.583633480335396371e+01 2.643928926496835174e+01 1.000000000000000000e+03 1.000000000000000000e+00
3.826878255231232515e+02 4.301226345928948369e+00 4.263011796330862069e+01 1.718214120934427047e-01 1.435864402224046898e+02 2.459099796236187956e+02 3.427414333296754023e+01 1.000000000000000000e+03 1.000000000000000000e+00
3.977844101993928234e+02 1.931442749943362402e+00 4.275771102882482211e+01 2.795539482413127441e-01 2.380621029387703800e+02 1.965497604459381478e+02 7.823548431603366993e+00 1.000000000000000000e+03 1.000000000000000000e+00
5.144267175532984311e+02 1.974501467177041114e+00 4.348172039638125597e+01 5.026892216879903508e-01 4.399339213765433669e+02 1.111261026428443159e+02 8.134192653658389727e-01 1.000000000000000000e+03 1.000000000000000000e+00
7.159938072215314833e+02 3.352889077537427376e+00 4.279355786414834029e+01 1.938385093198592424e-01 1.626697988343724717e+02 6.298690489705774098e+02 3.071046037323765177e+01 1.000000000000000000e+03 1.000000000000000000e+00
3.847927234586247209e+02 4.839251415483187380e+00 4.355651068065679965e+01 4.139536436596853441e-01 3.589700411974926055e+02 1.862419723206491184e+01 1.788787844012915684e+01 1.000000000000000000e+03 1.000000000000000000e+00
1.861749369422709606e+02 1.653674711653734475e+00 4.225408135567636236e+01 1.588274490077032919e-01 1.323887780546895385e+02 3.274665973446163036e+01 2.958221756115736056e+01 1.000000000000000000e+03 1.000000000000000000e+00
3.275317130092680031e+02 2.998241367429830717e+00 4.311994887752794625e+01 3.139382366330528695e-01 2.687346955595641589e+02 6.961328638088292564e+01 7.642363046263761284e+00 1.000000000000000000e+03 1.000000000000000000e+00
2.642877757343360372e+02 4.021159861014742098e+00 4.300437752412053527e+01 2.289161312195032716e-01 1.933177640198650806e+02 8.491771347648599999e+01 2.298478752264437652e+00 1.000000000000000000e+03 1.000000000000000000e+00
5.342828904108786219e+02 1.004375614386881166e+00 4.311664038191905490e+01 5.514327565662493491e-01 4.846291550378738862e+02 6.184498837696010298e+01 1.518944316659172067e+01 1.000000000000000000e+03 1.000000000000000000e+00
2.511657977286569405e+02 1.188228939913782511e+01 4.317340379738290324e+01 1.750159056480983244e-01 1.463460096100238559e+02 7.477385343529725503e+01 4.839106483076017895e+01 1.000000000000000000e+03 1.000000000000000000e+00
2.708132259276388822e+02 2.160099428286690770e+00 4.285927540568285821e+01 2.652778697391569018e-01 2.253946020954171559e+02 2.992141583362690582e+01 2.754576377529068765e+01 1.000000000000000000e+03 1.000000000000000000e+00
2.575821484997677544e+02 1.747047287240214297e+00 4.254491143034413625e+01 2.414825160797284820e-01 2.043748540298448688e+02 2.167440483108269689e+01 4.438152098123217115e+01 1.000000000000000000e+03 1.000000000000000000e+00
2.185017916640726412e+02 3.860279033062786080e+00 4.291616465954842141e+01 2.170794867378148529e-01 1.829451653237663891e+02 2.519833208555787607e+01 1.807690845083031306e+01 1.000000000000000000e+03 1.000000000000000000e+00
4.596663674482510373e+02 2.424943864120535419e+00 4.303877391340977709e+01 3.057978057502993563e-01 2.614515106498951695e+02 2.147094871307648418e+02 4.411903794363806242e+01 1.000000000000000000e+03 1.000000000000000000e+00
7.600554981972024962e+02 1.227892899367670765e+00 4.359005362958211549e+01 6.921301547950030608e-01 6.139849649146414095e+02 2.139813621352576263e+02 3.318899195915106759e+01 1.000000000000000000e+03 1.000000000000000000e+00
2.086023512007764111e+02 1.930357668595897191e+00 4.254770294454867496e+01 2.327557342487598380e-01 1.966957784356026480e+02 1.011251399759897218e+01 4.565381853919103783e+00 1.000000000000000000e+03 1.000000000000000000e+00
2.514897957300416920e+02 3.265565312128895670e+00 4.305730793218429397e+01 2.654968590931994221e-01 2.255889165093229281e+02 1.680467262187694999e+01 1.597280867969495510e+01 1.000000000000000000e+03 1.000000000000000000e+00
2.883646976427945674e+02 1.937435475886432501e+00 4.252887938841141136e+01 2.261154899918812466e-01 1.908635272984012374e+02 1.136242494552506628e+02 5.923445796347054149e+00 1.000000000000000000e+03 1.000000000000000000e+00
1.585773151582804985e+02 8.037968041612352010e+01 4.310757359899965735e+01 6.829128926830552171e-02 5.580767901065742365e+01 8.947746609000746787e+01 2.031044100777143058e+01 1.000000000000000000e+03 1.000000000000000000e+00
5.778571179486585834e+02 1.399923459593351405e+00 4.360917198744317602e+01 5.849972820027505849e-01 5.154619216141130664e+02 7.635398807885393069e+01 2.254222852142862976e+01 1.000000000000000000e+03 1.000000000000000000e+00
4.513328159143335370e+02 1.110409557347978637e+00 4.302112137147418736e+01 4.105191664009800734e-01 3.558505600022560316e+02 1.299188392381550159e+02 4.760712777033543119e+00 1.000000000000000000e+03 1.000000000000000000e+00
1.109157810033026976e+02 5.149844938697561325e+00 4.182652245168495853e+01 5.651761054390225247e-02 4.605540643952885915e+01 6.654713970820364466e+01 1.978988244897200710e+00 1.000000000000000000e+03 1.000000000000000000e+00
5.871263184064628149e+02 1.437565567852533732e+01 4.277668790020757683e+01 1.223179015378955681e-01 1.011859246936842140e+02 5.293777307898851632e+02 1.600187215433939159e+01 1.000000000000000000e+03 1.000000000000000000e+00
2.056566543632394541e+02 5.325720146663874388e+00 4.303894340935809026e+01 1.973877074548847643e-01 1.657549790415204711e+02 4.578711889126288526e+01 1.990656645819371962e+00 1.000000000000000000e+03 1.000000000000000000e+00
2.391656606909583047e+02 6.270598287110231261e+00 4.310611276617663634e+01 2.070723460888698186e-01 1.741997602628657944e+02 3.704328112245719495e+01 4.137526072305631430e+01 1.000000000000000000e+03 1.000000000000000000e+00
5.535439588793681196e+02 1.162286461367040946e+00 4.321825783641506291e+01 5.467902315929138446e-01 4.803684642041201869e+02 6.519419092555426687e+01 4.799294943009858372e+01 1.000000000000000000e+03 1.000000000000000000e+00
5.962579787923756385e+02 1.173715569563064554e+00 4.343616899101730411e+01 6.454926766721084119e-01 5.710887625410288138e+02 2.544432918841364000e+01 1.597143183075425732e+01 1.000000000000000000e+03 1.000000000000000000e+00
5.267559802919095091e+02 1.063814199089206491e+00 4.310177545972028668e+01 4.327418021500444301e-01 3.760528663018782254e+02 1.795386956823309390e+02 3.637995544537015746e+01 1.000000000000000000e+03 1.000000000000000000e+00
4.208610320431077412e+02 1.290194663565613187e+00 4.288609488825305505e+01 3.962053063514002771e-01 3.428554935428784916e+02 1.010838821973079433e+02 7.827864581510563191e+00 1.000000000000000000e+03 1.000000000000000000e+00
4.529482202984781907e+02 1.627440651820828643e+00 4.324331370318201095e+01 3.943250647781478824e-01 3.411536173967846821e+02 1.318174311038353608e+02 2.406058582891578723e+01 1.000000000000000000e+03 1.000000000000000000e+00
2.957049240955669802e+02 1.026377056988910796e+00 4.249316500783851325e+01 2.980061034247101226e-01 2.544949652185764819e+02 2.144415536309829307e+01 3.204662278111667462e+01 1.000000000000000000e+03 1.000000000000000000e+00
4.186724397347597346e+02 1.388773405550382201e+00 4.281396564874800248e+01 3.526709991032760394e-01 3.035141033708120517e+02 1.551470321881755297e+02 6.243097163167066199e-01 1.000000000000000000e+03 1.000000000000000000e+00
1.465124590465876508e+02 1.086379255851022574e+00 4.171723289374740062e+01 1.290790684003562117e-01 1.069348574975012411e+02 1.933170359319197118e+01 2.535453789337098840e+01 1.000000000000000000e+03 1.000000000000000000e+00
4.085477532318582803e+02 2.245563414721243767e+00 4.338928820274707476e+01 4.188148184892684922e-01 3.633853691572876414e+02 2.541865905431495065e+01 3.865840070898962466e+01 1.000000000000000000e+03 1.000000000000000000e+00
4.719388530396918782e+02 2.634074946441487874e+00 4.304633415313846001e+01 3.127764684803007178e-01 2.676952699566043634e+02 2.425063374774175031e+02 2.561983223216098793e+01 1.000000000000000000e+03 1.000000000000000000e+00
6.343653985331359308e+02 1.021458261987942429e+00 4.341468066524768687e+01 6.652485109351076176e-01 5.892598532371047213e+02 6.316731850465476583e+01 1.194462363447724762e+01 1.000000000000000000e+03 1.000000000000000000e+00
4.705678210155608667e+02 3.672218611450877912e+00 4.362279291786326496e+01 4.787735744768678581e-01 4.180521006884211488e+02 4.910332058275826483e+01 2.855553888163360199e+01 1.000000000000000000e+03 1.000000000000000000e+00
6.350991263535030384e+02 1.338465981260486437e+00 4.294134826771443869e+01 3.493107298451015863e-01 3.004838430536348710e+02 4.079642011197784086e+02 4.353579100689219672e+01 1.000000000000000000e+03 1.000000000000000000e+00
4.206172181661680725e+02 6.888145184253257725e+00 4.273393136985255580e+01 1.583655111681737671e-01 1.319917886368563984e+02 2.910057446945957622e+02 4.332799851825904369e+01 1.000000000000000000e+03 1.000000000000000000e+00
5.291304314720430284e+02 5.299981335266679139e+00 4.277176998259312057e+01 1.872170070873521164e-01 1.569139839003689758e+02 4.061666689991592989e+02 3.573502787556974170e+01 1.000000000000000000e+03 1.000000000000000000e+00
2.296008948091569835e+02 1.797647757208749697e+00 4.203722872174423486e+01 1.378377818136877764e-01 1.144017263897521133e+02 1.228899366326853624e+02 8.188029628431692686e+00 1.000000000000000000e+03 1.000000000000000000e+00
3.514553509488254122e+02 2.775904272241632498e+00 4.301350680079296751e+01 3.256601171244143389e-01 2.792296211275615292e+02 8.497179379957336209e+01 1.077497565467963092e+01 1.000000000000000000e+03 1.000000000000000000e+00
5.973855377541170810e+02 1.044407402402117713e+00 4.314756043421508025e+01 5.262934895762039211e-01 4.615575194415192186e+02 2.035974189618432320e+02 3.716001090712262034e+00 1.000000000000000000e+03 1.000000000000000000e+00
4.327662448818537655e+02 2.248744602978312024e+00 4.113252117407043329e+01 3.796728751535172197e-02 3.079715118901906479e+01 3.836010200419233342e+02 3.362974980343251019e+01 1.000000000000000000e+03 1.000000000000000000e+00
4.016098096281025960e+02 1.547700854271264248e+00 4.298659090446351172e+01 4.039083142015730266e-01 3.498460278516159860e+02 4.733338509125807292e+01 2.533821851926736812e+01 1.000000000000000000e+03 1.000000000000000000e+00
2.759083918343365553e+02 1.361887061101903162e+00 4.260752789768586268e+01 2.487809852038073144e-01 2.108092688092814342e+02 4.466776257590947097e+01 3.662678441122274364e+01 1.000000000000000000e+03 1.000000000000000000e+00
2.988595567582173658e+02 2.531478960300958647e+00 4.294637545342617102e+01 3.041122702446251713e-01 2.599434741667594153e+02 1.015300779693505540e+01 4.059793302043851781e+01 1.000000000000000000e+03 1.000000000000000000e+00
4.420625434178519981e+02 1.256403733246037158e+00 4.282658784375134786e+01 2.867507045966564139e-01 2.444661331781076399e+02 2.452319366827022691e+02 9.025383419058735868e+00 1.000000000000000000e+03 1.000000000000000000e+00
6.275048435730637948e+02 2.557438456253605885e+00 4.373635738011149243e+01 5.730760183846066447e-01 5.045059795822407978e+02 1.633393274583656023e+02 3.014723577414795130e+01 1.000000000000000000e+03 1.000000000000000000e+00
2.488313992967320019e+02 2.428065219026910082e+00 4.296203083892941521e+01 2.663292135826929030e-01 2.263274842606865889e+02 2.643237732012823216e+01 2.064987709998877818e+00 1.000000000000000000e+03 1.000000000000000000e+00
2.686470359601526638e+02 1.529687887718263806e+00 4.261377422454790320e+01 2.689024962142017028e-01 2.286108185740907288e+02 4.722051785306937433e+01 3.581538327079047956e+00 1.000000000000000000e+03 1.000000000000000000e+00
4.507830894876124148e+02 1.442014507826014036e+00 4.245285186565559599e+01 2.243391232269557056e-01 1.893068750209619111e+02 2.773696986583993294e+02 4.276586050640300840e+01 1.000000000000000000e+03 1.000000000000000000e+00
4.968844553371823167e+02 1.556260856785411262e+00 4.331054579101443380e+01 5.504707526955470165e-01 4.837462731799455469e+02 7.921276066130964466e+00 1.244909111225113207e+01 1.000000000000000000e+03 1.000000000000000000e+00
1.848114839135249952e+02 1.061368575513266466e+00 4.227485848568849036e+01 1.749341835165088010e-01 1.462752489608977555e+02 3.759264742961823913e+01 7.684892320247199926e+00 1.000000000000000000e+03 1.000000000000000000e+00
2.273921882931077789e+02 2.938742614004592024e+00 4.294830053603335074e+01 2.241330066677549304e-01 1.891262525179782585e+02 4.630143222317194329e+01 5.411627901925619710e-01 1.000000000000000000e+03 1.000000000000000000e+00
5.881098657819178470e+02 1.069685922448271764e+00 4.342512930182084574e+01 6.228105086920635580e-01 5.502274036682880478e+02 3.761702182464153310e+01 2.385903578848587259e+01 1.000000000000000000e+03 1.000000000000000000e+00
5.691105748734389636e+02 2.335566337743746779e+00 4.291401823524196146e+01 2.574826565299638270e-01 2.184982513489455584e+02 4.033255566923161837e+02 3.756335930540687684e+01 1.000000000000000000e+03 1.000000000000000000e+00
1.017842641700785293e+02 4.326184995395970567e+00 4.204351299845036039e+01 9.117382387888628426e-02 7.490536687400043547e+01 8.059672471549863104e+00 2.126987667265953874e+01 1.000000000000000000e+03 1.000000000000000000e+00
1.204201397015329349e+03 3.280414021035555905e+00 4.325693423466764642e+01 3.541650892809466988e-01 3.048614603317656133e+02 1.213339456839954209e+03 4.515288813064943341e+00 1.000000000000000000e+03 1.000000000000000000e+00
3.773444594557941514e+02 2.758665284513860616e+00 4.314241326293286960e+01 3.464120885168260333e-01 2.978710100075223863e+02 7.352932476575351473e+01 3.347468828753047632e+01 1.000000000000000000e+03 1.000000000000000000e+00
6.876900334171677969e+02 1.698629588894922104e+00 4.363798284017947537e+01 6.709635715223573049e-01 5.945164745103398900e+02 1.288459398091297317e+02 2.684368295327223564e+01 1.000000000000000000e+03 1.000000000000000000e+00
